Total Execution Time: 0.3636813163757324

Total Search Path: 169

Total Solution Path: 134

Total No Solutions: 0

Average Execution Time: 0.07273626327514648

Average Search Path: 33.8

Average Solution Path: 26.8

Average No Solutions: 0.0





=== Puzzle 1 ===

Puzzle: ((16, 5, 11, 2), (7, 12, 10, 8), (3, 6, 1, 9), (4, 15, 13, 14))

Execution Time: 0.07655191421508789

Search Path: [((16, 5, 11, 2), (7, 12, 10, 8), (3, 6, 1, 9), (4, 15, 13, 14)), ((16, 5, 11, 2), (7, 12, 10, 8), (3, 6, 1, 9), (4, 13, 15, 14)), ((16, 5, 11, 2), (7, 12, 10, 8), (3, 6, 1, 9), (13, 4, 15, 14)), ((16, 5, 11, 2), (7, 12, 1, 8), (3, 6, 10, 9), (13, 4, 15, 14)), ((16, 5, 11, 2), (7, 1, 12, 8), (3, 6, 10, 9), (13, 4, 15, 14)), ((16, 5, 11, 2), (1, 7, 12, 8), (3, 6, 10, 9), (13, 4, 15, 14)), ((5, 16, 11, 2), (1, 7, 12, 8), (3, 6, 10, 9), (13, 4, 15, 14)), ((1, 16, 11, 2), (5, 7, 12, 8), (3, 6, 10, 9), (13, 4, 15, 14)), ((1, 16, 11, 2), (5, 7, 12, 8), (3, 6, 10, 9), (13, 4, 14, 15)), ((1, 16, 11, 2), (5, 7, 12, 8), (3, 6, 10, 9), (13, 14, 4, 15)), ((1, 16, 11, 2), (5, 7, 12, 8), (3, 6, 10, 9), (13, 14, 15, 4)), ((1, 16, 11, 2), (5, 7, 12, 8), (3, 6, 10, 4), (13, 14, 15, 9)), ((1, 16, 11, 2), (5, 7, 12, 8), (3, 6, 9, 10), (13, 14, 15, 4)), ((1, 16, 11, 2), (5, 7, 12, 8), (3, 10, 6, 9), (13, 14, 15, 4)), ((1, 16, 11, 2), (5, 7, 6, 8), (3, 10, 12, 9), (13, 14, 15, 4)), ((1, 16, 11, 2), (5, 7, 6, 8), (3, 10, 9, 12), (13, 14, 15, 4)), ((1, 16, 11, 2), (5, 6, 7, 8), (3, 10, 9, 12), (13, 14, 15, 4)), ((1, 16, 11, 2), (5, 6, 7, 8), (3, 10, 9, 4), (13, 14, 15, 12)), ((1, 16, 11, 2), (5, 6, 7, 8), (3, 9, 10, 12), (13, 14, 15, 4)), ((1, 16, 11, 2), (5, 6, 7, 8), (9, 3, 10, 12), (13, 14, 15, 4)), ((1, 16, 11, 2), (5, 6, 7, 8), (9, 10, 3, 12), (13, 14, 15, 4)), ((1, 16, 11, 2), (5, 6, 7, 8), (9, 10, 3, 4), (13, 14, 15, 12)), ((1, 16, 11, 2), (5, 6, 3, 8), (9, 10, 7, 12), (13, 14, 15, 4)), ((1, 16, 3, 2), (5, 6, 11, 8), (9, 10, 7, 12), (13, 14, 15, 4)), ((1, 16, 3, 2), (5, 6, 7, 8), (9, 10, 11, 12), (13, 14, 15, 4)), ((1, 16, 3, 2), (5, 6, 7, 8), (9, 10, 11, 4), (13, 14, 15, 12)), ((1, 16, 2, 3), (5, 6, 7, 8), (9, 10, 11, 12), (13, 14, 15, 4)), ((1, 2, 16, 3), (5, 6, 7, 8), (9, 10, 11, 12), (13, 14, 15, 4)), ((1, 2, 3, 16), (5, 6, 7, 8), (9, 10, 11, 12), (13, 14, 15, 4)), ((1, 2, 3, 16), (5, 6, 7, 8), (9, 10, 11, 4), (13, 14, 15, 12)), ((1, 2, 3, 8), (5, 6, 7, 16), (9, 10, 11, 12), (13, 14, 15, 4)), ((1, 2, 3, 8), (5, 6, 7, 12), (9, 10, 11, 16), (13, 14, 15, 4)), ((1, 2, 3, 8), (5, 6, 7, 12), (9, 10, 11, 4), (13, 14, 15, 16)), ((1, 2, 3, 8), (5, 6, 7, 4), (9, 10, 11, 12), (13, 14, 15, 16)), ((1, 2, 3, 4), (5, 6, 7, 8), (9, 10, 11, 12), (13, 14, 15, 16))]

Solution Path: [((16, 5, 11, 2), (7, 12, 10, 8), (3, 6, 1, 9), (4, 15, 13, 14)), ((16, 5, 11, 2), (7, 12, 10, 8), (3, 6, 1, 9), (4, 13, 15, 14)), ((16, 5, 11, 2), (7, 12, 10, 8), (3, 6, 1, 9), (13, 4, 15, 14)), ((16, 5, 11, 2), (7, 12, 1, 8), (3, 6, 10, 9), (13, 4, 15, 14)), ((16, 5, 11, 2), (7, 1, 12, 8), (3, 6, 10, 9), (13, 4, 15, 14)), ((16, 5, 11, 2), (1, 7, 12, 8), (3, 6, 10, 9), (13, 4, 15, 14)), ((5, 16, 11, 2), (1, 7, 12, 8), (3, 6, 10, 9), (13, 4, 15, 14)), ((1, 16, 11, 2), (5, 7, 12, 8), (3, 6, 10, 9), (13, 4, 15, 14)), ((1, 16, 11, 2), (5, 7, 12, 8), (3, 6, 10, 9), (13, 4, 14, 15)), ((1, 16, 11, 2), (5, 7, 12, 8), (3, 6, 10, 9), (13, 14, 4, 15)), ((1, 16, 11, 2), (5, 7, 12, 8), (3, 6, 10, 9), (13, 14, 15, 4)), ((1, 16, 11, 2), (5, 7, 12, 8), (3, 10, 6, 9), (13, 14, 15, 4)), ((1, 16, 11, 2), (5, 7, 6, 8), (3, 10, 12, 9), (13, 14, 15, 4)), ((1, 16, 11, 2), (5, 7, 6, 8), (3, 10, 9, 12), (13, 14, 15, 4)), ((1, 16, 11, 2), (5, 6, 7, 8), (3, 10, 9, 12), (13, 14, 15, 4)), ((1, 16, 11, 2), (5, 6, 7, 8), (3, 9, 10, 12), (13, 14, 15, 4)), ((1, 16, 11, 2), (5, 6, 7, 8), (9, 3, 10, 12), (13, 14, 15, 4)), ((1, 16, 11, 2), (5, 6, 7, 8), (9, 10, 3, 12), (13, 14, 15, 4)), ((1, 16, 11, 2), (5, 6, 3, 8), (9, 10, 7, 12), (13, 14, 15, 4)), ((1, 16, 3, 2), (5, 6, 11, 8), (9, 10, 7, 12), (13, 14, 15, 4)), ((1, 16, 3, 2), (5, 6, 7, 8), (9, 10, 11, 12), (13, 14, 15, 4)), ((1, 16, 2, 3), (5, 6, 7, 8), (9, 10, 11, 12), (13, 14, 15, 4)), ((1, 2, 16, 3), (5, 6, 7, 8), (9, 10, 11, 12), (13, 14, 15, 4)), ((1, 2, 3, 16), (5, 6, 7, 8), (9, 10, 11, 12), (13, 14, 15, 4)), ((1, 2, 3, 8), (5, 6, 7, 16), (9, 10, 11, 12), (13, 14, 15, 4)), ((1, 2, 3, 8), (5, 6, 7, 12), (9, 10, 11, 16), (13, 14, 15, 4)), ((1, 2, 3, 8), (5, 6, 7, 12), (9, 10, 11, 4), (13, 14, 15, 16)), ((1, 2, 3, 8), (5, 6, 7, 4), (9, 10, 11, 12), (13, 14, 15, 16)), ((1, 2, 3, 4), (5, 6, 7, 8), (9, 10, 11, 12), (13, 14, 15, 16))]



=== Puzzle 2 ===

Puzzle: ((16, 14, 8, 6), (2, 13, 15, 9), (4, 11, 7, 12), (3, 10, 5, 1))

Execution Time: 0.08266901969909668

Search Path: [((16, 14, 8, 6), (2, 13, 15, 9), (4, 11, 7, 12), (3, 10, 5, 1)), ((16, 14, 8, 6), (2, 13, 7, 9), (4, 11, 15, 12), (3, 10, 5, 1)), ((16, 14, 8, 6), (2, 13, 7, 9), (4, 11, 5, 12), (3, 10, 15, 1)), ((16, 14, 8, 6), (2, 13, 7, 9), (4, 5, 11, 12), (3, 10, 15, 1)), ((16, 14, 8, 6), (2, 13, 7, 9), (5, 4, 11, 12), (3, 10, 15, 1)), ((16, 14, 8, 6), (2, 4, 7, 9), (5, 13, 11, 12), (3, 10, 15, 1)), ((16, 14, 8, 6), (2, 4, 7, 9), (5, 10, 11, 12), (3, 13, 15, 1)), ((16, 14, 8, 6), (2, 4, 7, 9), (5, 10, 11, 12), (13, 3, 15, 1)), ((16, 14, 6, 8), (2, 4, 7, 9), (5, 10, 11, 12), (13, 3, 15, 1)), ((16, 4, 6, 8), (2, 14, 7, 9), (5, 10, 11, 12), (13, 3, 15, 1)), ((16, 6, 4, 8), (2, 14, 7, 9), (5, 10, 11, 12), (13, 3, 15, 1)), ((2, 6, 4, 8), (16, 14, 7, 9), (5, 10, 11, 12), (13, 3, 15, 1)), ((2, 6, 4, 8), (5, 14, 7, 9), (16, 10, 11, 12), (13, 3, 15, 1)), ((2, 6, 4, 8), (5, 14, 7, 9), (16, 10, 11, 12), (13, 3, 1, 15)), ((2, 6, 4, 8), (5, 14, 7, 9), (16, 10, 11, 12), (13, 1, 3, 15)), ((2, 6, 4, 8), (5, 14, 7, 9), (16, 10, 11, 12), (13, 1, 15, 3)), ((2, 6, 4, 8), (5, 14, 7, 9), (16, 10, 11, 12), (1, 13, 3, 15)), ((2, 6, 4, 8), (5, 14, 7, 9), (1, 10, 11, 12), (16, 13, 3, 15)), ((2, 6, 4, 8), (5, 14, 7, 9), (1, 10, 11, 12), (13, 16, 3, 15)), ((2, 6, 4, 8), (5, 14, 7, 9), (1, 10, 11, 12), (13, 16, 15, 3)), ((2, 6, 4, 8), (5, 14, 7, 9), (1, 10, 11, 12), (13, 3, 16, 15)), ((2, 6, 4, 8), (5, 14, 7, 9), (1, 10, 11, 12), (13, 3, 15, 16)), ((2, 6, 4, 8), (5, 14, 7, 9), (1, 10, 11, 12), (13, 15, 3, 16)), ((2, 6, 4, 8), (5, 14, 7, 9), (1, 3, 11, 12), (13, 10, 15, 16)), ((2, 6, 4, 8), (5, 3, 7, 9), (1, 14, 11, 12), (13, 10, 15, 16)), ((2, 6, 4, 8), (5, 3, 7, 9), (1, 10, 11, 12), (13, 14, 15, 16)), ((2, 3, 4, 8), (5, 6, 7, 9), (1, 10, 11, 12), (13, 14, 15, 16)), ((2, 3, 4, 8), (5, 6, 7, 12), (1, 10, 11, 9), (13, 14, 15, 16)), ((2, 3, 4, 8), (5, 6, 9, 7), (1, 10, 11, 12), (13, 14, 15, 16)), ((2, 3, 4, 8), (1, 6, 7, 9), (5, 10, 11, 12), (13, 14, 15, 16)), ((2, 3, 4, 9), (5, 6, 7, 8), (1, 10, 11, 12), (13, 14, 15, 16)), ((2, 3, 9, 4), (5, 6, 7, 8), (1, 10, 11, 12), (13, 14, 15, 16)), ((2, 9, 3, 4), (5, 6, 7, 8), (1, 10, 11, 12), (13, 14, 15, 16)), ((9, 2, 3, 4), (5, 6, 7, 8), (1, 10, 11, 12), (13, 14, 15, 16)), ((9, 2, 3, 4), (1, 6, 7, 8), (5, 10, 11, 12), (13, 14, 15, 16)), ((1, 2, 3, 4), (9, 6, 7, 8), (5, 10, 11, 12), (13, 14, 15, 16)), ((1, 2, 3, 4), (5, 6, 7, 8), (9, 10, 11, 12), (13, 14, 15, 16))]

Solution Path: [((16, 14, 8, 6), (2, 13, 15, 9), (4, 11, 7, 12), (3, 10, 5, 1)), ((16, 14, 8, 6), (2, 13, 7, 9), (4, 11, 15, 12), (3, 10, 5, 1)), ((16, 14, 8, 6), (2, 13, 7, 9), (4, 11, 5, 12), (3, 10, 15, 1)), ((16, 14, 8, 6), (2, 13, 7, 9), (4, 5, 11, 12), (3, 10, 15, 1)), ((16, 14, 8, 6), (2, 13, 7, 9), (5, 4, 11, 12), (3, 10, 15, 1)), ((16, 14, 8, 6), (2, 4, 7, 9), (5, 13, 11, 12), (3, 10, 15, 1)), ((16, 14, 8, 6), (2, 4, 7, 9), (5, 10, 11, 12), (3, 13, 15, 1)), ((16, 14, 8, 6), (2, 4, 7, 9), (5, 10, 11, 12), (13, 3, 15, 1)), ((16, 14, 6, 8), (2, 4, 7, 9), (5, 10, 11, 12), (13, 3, 15, 1)), ((16, 4, 6, 8), (2, 14, 7, 9), (5, 10, 11, 12), (13, 3, 15, 1)), ((16, 6, 4, 8), (2, 14, 7, 9), (5, 10, 11, 12), (13, 3, 15, 1)), ((2, 6, 4, 8), (16, 14, 7, 9), (5, 10, 11, 12), (13, 3, 15, 1)), ((2, 6, 4, 8), (5, 14, 7, 9), (16, 10, 11, 12), (13, 3, 15, 1)), ((2, 6, 4, 8), (5, 14, 7, 9), (16, 10, 11, 12), (13, 3, 1, 15)), ((2, 6, 4, 8), (5, 14, 7, 9), (16, 10, 11, 12), (13, 1, 3, 15)), ((2, 6, 4, 8), (5, 14, 7, 9), (16, 10, 11, 12), (1, 13, 3, 15)), ((2, 6, 4, 8), (5, 14, 7, 9), (1, 10, 11, 12), (16, 13, 3, 15)), ((2, 6, 4, 8), (5, 14, 7, 9), (1, 10, 11, 12), (13, 16, 3, 15)), ((2, 6, 4, 8), (5, 14, 7, 9), (1, 10, 11, 12), (13, 3, 16, 15)), ((2, 6, 4, 8), (5, 14, 7, 9), (1, 10, 11, 12), (13, 3, 15, 16)), ((2, 6, 4, 8), (5, 14, 7, 9), (1, 3, 11, 12), (13, 10, 15, 16)), ((2, 6, 4, 8), (5, 3, 7, 9), (1, 14, 11, 12), (13, 10, 15, 16)), ((2, 6, 4, 8), (5, 3, 7, 9), (1, 10, 11, 12), (13, 14, 15, 16)), ((2, 3, 4, 8), (5, 6, 7, 9), (1, 10, 11, 12), (13, 14, 15, 16)), ((2, 3, 4, 9), (5, 6, 7, 8), (1, 10, 11, 12), (13, 14, 15, 16)), ((2, 3, 9, 4), (5, 6, 7, 8), (1, 10, 11, 12), (13, 14, 15, 16)), ((2, 9, 3, 4), (5, 6, 7, 8), (1, 10, 11, 12), (13, 14, 15, 16)), ((9, 2, 3, 4), (5, 6, 7, 8), (1, 10, 11, 12), (13, 14, 15, 16)), ((9, 2, 3, 4), (1, 6, 7, 8), (5, 10, 11, 12), (13, 14, 15, 16)), ((1, 2, 3, 4), (9, 6, 7, 8), (5, 10, 11, 12), (13, 14, 15, 16)), ((1, 2, 3, 4), (5, 6, 7, 8), (9, 10, 11, 12), (13, 14, 15, 16))]



=== Puzzle 3 ===

Puzzle: ((5, 6, 2, 15), (10, 4, 13, 9), (3, 11, 7, 1), (8, 12, 14, 16))

Execution Time: 0.10507321357727051

Search Path: [((5, 6, 2, 15), (10, 4, 13, 9), (3, 11, 7, 1), (8, 12, 14, 16)), ((5, 6, 2, 15), (10, 4, 13, 9), (3, 11, 7, 1), (8, 14, 12, 16)), ((5, 6, 2, 15), (10, 4, 13, 1), (3, 11, 7, 9), (8, 14, 12, 16)), ((5, 6, 2, 15), (10, 4, 7, 1), (3, 11, 13, 9), (8, 14, 12, 16)), ((5, 6, 2, 15), (10, 4, 7, 1), (3, 11, 12, 9), (8, 14, 13, 16)), ((5, 6, 2, 15), (10, 4, 7, 1), (3, 11, 9, 12), (8, 14, 13, 16)), ((5, 6, 2, 15), (10, 4, 7, 1), (3, 9, 11, 12), (8, 14, 13, 16)), ((5, 6, 2, 15), (10, 4, 7, 1), (9, 3, 11, 12), (8, 14, 13, 16)), ((5, 6, 2, 1), (10, 4, 7, 15), (9, 3, 11, 12), (8, 14, 13, 16)), ((5, 4, 2, 1), (10, 6, 7, 15), (9, 3, 11, 12), (8, 14, 13, 16)), ((5, 2, 4, 1), (10, 6, 7, 15), (9, 3, 11, 12), (8, 14, 13, 16)), ((5, 2, 1, 4), (10, 6, 7, 15), (9, 3, 11, 12), (8, 14, 13, 16)), ((5, 2, 1, 4), (10, 6, 7, 15), (9, 3, 11, 12), (8, 13, 14, 16)), ((5, 2, 1, 4), (10, 6, 7, 15), (9, 3, 11, 12), (13, 8, 14, 16)), ((5, 2, 1, 4), (10, 6, 7, 15), (9, 3, 11, 12), (13, 14, 8, 16)), ((5, 2, 1, 4), (10, 6, 7, 15), (9, 3, 11, 12), (13, 14, 16, 8)), ((5, 2, 1, 4), (10, 6, 7, 15), (9, 3, 8, 12), (13, 14, 11, 16)), ((5, 2, 1, 4), (10, 6, 7, 15), (9, 11, 3, 12), (13, 14, 8, 16)), ((5, 2, 1, 4), (10, 6, 7, 12), (9, 3, 11, 15), (13, 14, 8, 16)), ((5, 2, 1, 4), (10, 6, 15, 7), (9, 3, 11, 12), (13, 14, 8, 16)), ((5, 2, 1, 4), (10, 3, 7, 15), (9, 6, 11, 12), (13, 14, 8, 16)), ((5, 2, 1, 4), (6, 10, 7, 15), (9, 3, 11, 12), (13, 14, 8, 16)), ((5, 2, 1, 4), (6, 3, 7, 15), (9, 10, 11, 12), (13, 14, 8, 16)), ((5, 2, 1, 4), (6, 3, 7, 15), (9, 10, 11, 12), (13, 14, 16, 8)), ((5, 2, 1, 4), (6, 3, 7, 15), (9, 10, 8, 12), (13, 14, 11, 16)), ((5, 2, 1, 4), (6, 3, 7, 12), (9, 10, 11, 15), (13, 14, 8, 16)), ((5, 2, 1, 4), (6, 3, 15, 7), (9, 10, 11, 12), (13, 14, 8, 16)), ((5, 2, 1, 4), (6, 7, 3, 15), (9, 10, 11, 12), (13, 14, 8, 16)), ((5, 2, 1, 4), (3, 6, 7, 15), (9, 10, 11, 12), (13, 14, 8, 16)), ((3, 2, 1, 4), (5, 6, 7, 15), (9, 10, 11, 12), (13, 14, 8, 16)), ((3, 2, 1, 4), (5, 6, 7, 15), (9, 10, 11, 12), (13, 14, 16, 8)), ((3, 2, 1, 4), (5, 6, 7, 15), (9, 10, 8, 12), (13, 14, 11, 16)), ((3, 2, 1, 4), (5, 6, 7, 12), (9, 10, 11, 15), (13, 14, 8, 16)), ((3, 2, 1, 4), (5, 6, 15, 7), (9, 10, 11, 12), (13, 14, 8, 16)), ((3, 1, 2, 4), (5, 6, 7, 15), (9, 10, 11, 12), (13, 14, 8, 16)), ((1, 3, 2, 4), (5, 6, 7, 15), (9, 10, 11, 12), (13, 14, 8, 16)), ((1, 2, 3, 4), (5, 6, 7, 15), (9, 10, 11, 12), (13, 14, 8, 16)), ((1, 2, 3, 4), (5, 6, 7, 15), (9, 10, 11, 12), (13, 14, 16, 8)), ((1, 2, 3, 4), (5, 6, 7, 15), (9, 10, 8, 12), (13, 14, 11, 16)), ((1, 2, 3, 4), (5, 6, 7, 12), (9, 10, 11, 15), (13, 14, 8, 16)), ((1, 2, 3, 4), (5, 6, 15, 7), (9, 10, 11, 12), (13, 14, 8, 16)), ((1, 2, 3, 4), (5, 6, 11, 7), (9, 10, 15, 12), (13, 14, 8, 16)), ((1, 2, 3, 4), (5, 6, 11, 7), (9, 10, 8, 12), (13, 14, 15, 16)), ((1, 2, 3, 4), (5, 6, 8, 7), (9, 10, 11, 12), (13, 14, 15, 16)), ((1, 2, 3, 4), (5, 6, 7, 8), (9, 10, 11, 12), (13, 14, 15, 16))]

Solution Path: [((5, 6, 2, 15), (10, 4, 13, 9), (3, 11, 7, 1), (8, 12, 14, 16)), ((5, 6, 2, 15), (10, 4, 13, 9), (3, 11, 7, 1), (8, 14, 12, 16)), ((5, 6, 2, 15), (10, 4, 13, 1), (3, 11, 7, 9), (8, 14, 12, 16)), ((5, 6, 2, 15), (10, 4, 7, 1), (3, 11, 13, 9), (8, 14, 12, 16)), ((5, 6, 2, 15), (10, 4, 7, 1), (3, 11, 12, 9), (8, 14, 13, 16)), ((5, 6, 2, 15), (10, 4, 7, 1), (3, 11, 9, 12), (8, 14, 13, 16)), ((5, 6, 2, 15), (10, 4, 7, 1), (3, 9, 11, 12), (8, 14, 13, 16)), ((5, 6, 2, 15), (10, 4, 7, 1), (9, 3, 11, 12), (8, 14, 13, 16)), ((5, 6, 2, 1), (10, 4, 7, 15), (9, 3, 11, 12), (8, 14, 13, 16)), ((5, 4, 2, 1), (10, 6, 7, 15), (9, 3, 11, 12), (8, 14, 13, 16)), ((5, 2, 4, 1), (10, 6, 7, 15), (9, 3, 11, 12), (8, 14, 13, 16)), ((5, 2, 1, 4), (10, 6, 7, 15), (9, 3, 11, 12), (8, 14, 13, 16)), ((5, 2, 1, 4), (10, 6, 7, 15), (9, 3, 11, 12), (8, 13, 14, 16)), ((5, 2, 1, 4), (10, 6, 7, 15), (9, 3, 11, 12), (13, 8, 14, 16)), ((5, 2, 1, 4), (10, 6, 7, 15), (9, 3, 11, 12), (13, 14, 8, 16)), ((5, 2, 1, 4), (6, 10, 7, 15), (9, 3, 11, 12), (13, 14, 8, 16)), ((5, 2, 1, 4), (6, 3, 7, 15), (9, 10, 11, 12), (13, 14, 8, 16)), ((5, 2, 1, 4), (3, 6, 7, 15), (9, 10, 11, 12), (13, 14, 8, 16)), ((3, 2, 1, 4), (5, 6, 7, 15), (9, 10, 11, 12), (13, 14, 8, 16)), ((3, 1, 2, 4), (5, 6, 7, 15), (9, 10, 11, 12), (13, 14, 8, 16)), ((1, 3, 2, 4), (5, 6, 7, 15), (9, 10, 11, 12), (13, 14, 8, 16)), ((1, 2, 3, 4), (5, 6, 7, 15), (9, 10, 11, 12), (13, 14, 8, 16)), ((1, 2, 3, 4), (5, 6, 15, 7), (9, 10, 11, 12), (13, 14, 8, 16)), ((1, 2, 3, 4), (5, 6, 11, 7), (9, 10, 15, 12), (13, 14, 8, 16)), ((1, 2, 3, 4), (5, 6, 11, 7), (9, 10, 8, 12), (13, 14, 15, 16)), ((1, 2, 3, 4), (5, 6, 8, 7), (9, 10, 11, 12), (13, 14, 15, 16)), ((1, 2, 3, 4), (5, 6, 7, 8), (9, 10, 11, 12), (13, 14, 15, 16))]



=== Puzzle 4 ===

Puzzle: ((13, 2, 15, 3), (16, 11, 1, 9), (8, 14, 5, 10), (7, 4, 6, 12))

Execution Time: 0.06243395805358887

Search Path: [((13, 2, 15, 3), (16, 11, 1, 9), (8, 14, 5, 10), (7, 4, 6, 12)), ((13, 2, 15, 3), (16, 11, 1, 9), (8, 14, 5, 10), (7, 6, 4, 12)), ((13, 2, 15, 3), (16, 11, 1, 9), (8, 6, 5, 10), (7, 14, 4, 12)), ((13, 2, 15, 3), (16, 1, 11, 9), (8, 6, 5, 10), (7, 14, 4, 12)), ((13, 2, 15, 3), (16, 1, 5, 9), (8, 6, 11, 10), (7, 14, 4, 12)), ((13, 2, 15, 3), (1, 16, 5, 9), (8, 6, 11, 10), (7, 14, 4, 12)), ((13, 2, 15, 3), (1, 5, 16, 9), (8, 6, 11, 10), (7, 14, 4, 12)), ((13, 2, 15, 3), (1, 5, 9, 16), (8, 6, 11, 10), (7, 14, 4, 12)), ((1, 2, 15, 3), (13, 5, 9, 16), (8, 6, 11, 10), (7, 14, 4, 12)), ((1, 2, 15, 3), (8, 5, 9, 16), (13, 6, 11, 10), (7, 14, 4, 12)), ((1, 2, 15, 3), (8, 5, 9, 16), (7, 6, 11, 10), (13, 14, 4, 12)), ((1, 2, 15, 3), (5, 8, 9, 16), (7, 6, 11, 10), (13, 14, 4, 12)), ((1, 2, 15, 3), (5, 9, 8, 16), (7, 6, 11, 10), (13, 14, 4, 12)), ((1, 2, 15, 3), (5, 6, 8, 16), (7, 9, 11, 10), (13, 14, 4, 12)), ((1, 2, 15, 3), (5, 6, 8, 16), (9, 7, 11, 10), (13, 14, 4, 12)), ((1, 2, 15, 3), (5, 6, 8, 16), (9, 7, 11, 10), (13, 14, 12, 4)), ((1, 2, 15, 3), (5, 6, 8, 16), (9, 7, 11, 12), (13, 14, 4, 10)), ((1, 2, 15, 3), (5, 6, 8, 16), (9, 7, 11, 12), (13, 14, 10, 4)), ((1, 2, 15, 3), (5, 6, 8, 16), (9, 7, 11, 12), (13, 10, 14, 4)), ((1, 2, 15, 3), (5, 6, 8, 16), (9, 7, 11, 4), (13, 14, 10, 12)), ((1, 2, 15, 3), (5, 6, 8, 4), (9, 7, 11, 16), (13, 14, 10, 12)), ((1, 2, 15, 3), (5, 6, 8, 4), (9, 7, 11, 12), (13, 14, 10, 16)), ((1, 2, 15, 3), (5, 6, 8, 4), (9, 7, 11, 12), (13, 10, 14, 16)), ((1, 2, 15, 3), (5, 6, 8, 4), (9, 7, 10, 12), (13, 14, 11, 16)), ((1, 2, 15, 3), (5, 6, 8, 4), (9, 10, 7, 12), (13, 14, 11, 16)), ((1, 2, 15, 3), (5, 6, 8, 4), (9, 10, 11, 12), (13, 14, 7, 16)), ((1, 2, 15, 3), (5, 6, 4, 8), (9, 10, 7, 12), (13, 14, 11, 16)), ((1, 2, 4, 3), (5, 6, 15, 8), (9, 10, 7, 12), (13, 14, 11, 16)), ((1, 2, 4, 3), (5, 6, 7, 8), (9, 10, 15, 12), (13, 14, 11, 16)), ((1, 2, 4, 3), (5, 6, 7, 8), (9, 10, 11, 12), (13, 14, 15, 16)), ((1, 2, 3, 4), (5, 6, 7, 8), (9, 10, 11, 12), (13, 14, 15, 16))]

Solution Path: [((13, 2, 15, 3), (16, 11, 1, 9), (8, 14, 5, 10), (7, 4, 6, 12)), ((13, 2, 15, 3), (16, 11, 1, 9), (8, 14, 5, 10), (7, 6, 4, 12)), ((13, 2, 15, 3), (16, 11, 1, 9), (8, 6, 5, 10), (7, 14, 4, 12)), ((13, 2, 15, 3), (16, 1, 11, 9), (8, 6, 5, 10), (7, 14, 4, 12)), ((13, 2, 15, 3), (16, 1, 5, 9), (8, 6, 11, 10), (7, 14, 4, 12)), ((13, 2, 15, 3), (1, 16, 5, 9), (8, 6, 11, 10), (7, 14, 4, 12)), ((13, 2, 15, 3), (1, 5, 16, 9), (8, 6, 11, 10), (7, 14, 4, 12)), ((13, 2, 15, 3), (1, 5, 9, 16), (8, 6, 11, 10), (7, 14, 4, 12)), ((1, 2, 15, 3), (13, 5, 9, 16), (8, 6, 11, 10), (7, 14, 4, 12)), ((1, 2, 15, 3), (8, 5, 9, 16), (13, 6, 11, 10), (7, 14, 4, 12)), ((1, 2, 15, 3), (8, 5, 9, 16), (7, 6, 11, 10), (13, 14, 4, 12)), ((1, 2, 15, 3), (5, 8, 9, 16), (7, 6, 11, 10), (13, 14, 4, 12)), ((1, 2, 15, 3), (5, 9, 8, 16), (7, 6, 11, 10), (13, 14, 4, 12)), ((1, 2, 15, 3), (5, 6, 8, 16), (7, 9, 11, 10), (13, 14, 4, 12)), ((1, 2, 15, 3), (5, 6, 8, 16), (9, 7, 11, 10), (13, 14, 4, 12)), ((1, 2, 15, 3), (5, 6, 8, 16), (9, 7, 11, 12), (13, 14, 4, 10)), ((1, 2, 15, 3), (5, 6, 8, 16), (9, 7, 11, 12), (13, 14, 10, 4)), ((1, 2, 15, 3), (5, 6, 8, 16), (9, 7, 11, 4), (13, 14, 10, 12)), ((1, 2, 15, 3), (5, 6, 8, 4), (9, 7, 11, 16), (13, 14, 10, 12)), ((1, 2, 15, 3), (5, 6, 8, 4), (9, 7, 11, 12), (13, 14, 10, 16)), ((1, 2, 15, 3), (5, 6, 8, 4), (9, 7, 10, 12), (13, 14, 11, 16)), ((1, 2, 15, 3), (5, 6, 8, 4), (9, 10, 7, 12), (13, 14, 11, 16)), ((1, 2, 15, 3), (5, 6, 4, 8), (9, 10, 7, 12), (13, 14, 11, 16)), ((1, 2, 4, 3), (5, 6, 15, 8), (9, 10, 7, 12), (13, 14, 11, 16)), ((1, 2, 4, 3), (5, 6, 7, 8), (9, 10, 15, 12), (13, 14, 11, 16)), ((1, 2, 4, 3), (5, 6, 7, 8), (9, 10, 11, 12), (13, 14, 15, 16)), ((1, 2, 3, 4), (5, 6, 7, 8), (9, 10, 11, 12), (13, 14, 15, 16))]



=== Puzzle 5 ===

Puzzle: ((6, 11, 16, 2), (3, 9, 15, 4), (5, 14, 8, 7), (13, 10, 12, 1))

Execution Time: 0.03695321083068848

Search Path: [((6, 11, 16, 2), (3, 9, 15, 4), (5, 14, 8, 7), (13, 10, 12, 1)), ((6, 11, 16, 2), (3, 9, 15, 4), (5, 14, 8, 7), (13, 10, 1, 12)), ((6, 11, 16, 2), (3, 9, 15, 4), (5, 14, 7, 8), (13, 10, 1, 12)), ((6, 11, 16, 2), (3, 9, 15, 4), (5, 10, 7, 8), (13, 14, 1, 12)), ((6, 11, 16, 2), (3, 9, 7, 4), (5, 10, 15, 8), (13, 14, 1, 12)), ((6, 11, 16, 2), (3, 9, 7, 4), (5, 10, 1, 8), (13, 14, 15, 12)), ((6, 11, 16, 2), (9, 3, 7, 4), (5, 10, 1, 8), (13, 14, 15, 12)), ((6, 11, 16, 2), (5, 3, 7, 4), (9, 10, 1, 8), (13, 14, 15, 12)), ((6, 11, 2, 16), (5, 3, 7, 4), (9, 10, 1, 8), (13, 14, 15, 12)), ((6, 11, 2, 4), (5, 3, 7, 16), (9, 10, 1, 8), (13, 14, 15, 12)), ((6, 11, 2, 4), (5, 3, 7, 8), (9, 10, 1, 16), (13, 14, 15, 12)), ((6, 11, 2, 4), (5, 3, 7, 8), (9, 10, 1, 12), (13, 14, 15, 16)), ((6, 2, 11, 4), (5, 3, 7, 8), (9, 10, 1, 12), (13, 14, 15, 16)), ((6, 3, 2, 4), (5, 11, 7, 8), (9, 10, 1, 12), (13, 14, 15, 16)), ((6, 2, 3, 4), (5, 11, 7, 8), (9, 10, 1, 12), (13, 14, 15, 16)), ((6, 2, 3, 4), (5, 11, 7, 8), (9, 1, 10, 12), (13, 14, 15, 16)), ((6, 2, 3, 4), (5, 1, 7, 8), (9, 11, 10, 12), (13, 14, 15, 16)), ((6, 2, 3, 4), (5, 1, 7, 8), (9, 10, 11, 12), (13, 14, 15, 16)), ((6, 2, 3, 4), (1, 5, 7, 8), (9, 10, 11, 12), (13, 14, 15, 16)), ((1, 2, 3, 4), (6, 5, 7, 8), (9, 10, 11, 12), (13, 14, 15, 16)), ((1, 2, 3, 4), (5, 6, 7, 8), (9, 10, 11, 12), (13, 14, 15, 16))]

Solution Path: [((6, 11, 16, 2), (3, 9, 15, 4), (5, 14, 8, 7), (13, 10, 12, 1)), ((6, 11, 16, 2), (3, 9, 15, 4), (5, 14, 8, 7), (13, 10, 1, 12)), ((6, 11, 16, 2), (3, 9, 15, 4), (5, 14, 7, 8), (13, 10, 1, 12)), ((6, 11, 16, 2), (3, 9, 15, 4), (5, 10, 7, 8), (13, 14, 1, 12)), ((6, 11, 16, 2), (3, 9, 7, 4), (5, 10, 15, 8), (13, 14, 1, 12)), ((6, 11, 16, 2), (3, 9, 7, 4), (5, 10, 1, 8), (13, 14, 15, 12)), ((6, 11, 16, 2), (9, 3, 7, 4), (5, 10, 1, 8), (13, 14, 15, 12)), ((6, 11, 16, 2), (5, 3, 7, 4), (9, 10, 1, 8), (13, 14, 15, 12)), ((6, 11, 2, 16), (5, 3, 7, 4), (9, 10, 1, 8), (13, 14, 15, 12)), ((6, 11, 2, 4), (5, 3, 7, 16), (9, 10, 1, 8), (13, 14, 15, 12)), ((6, 11, 2, 4), (5, 3, 7, 8), (9, 10, 1, 16), (13, 14, 15, 12)), ((6, 11, 2, 4), (5, 3, 7, 8), (9, 10, 1, 12), (13, 14, 15, 16)), ((6, 3, 2, 4), (5, 11, 7, 8), (9, 10, 1, 12), (13, 14, 15, 16)), ((6, 2, 3, 4), (5, 11, 7, 8), (9, 10, 1, 12), (13, 14, 15, 16)), ((6, 2, 3, 4), (5, 11, 7, 8), (9, 1, 10, 12), (13, 14, 15, 16)), ((6, 2, 3, 4), (5, 1, 7, 8), (9, 11, 10, 12), (13, 14, 15, 16)), ((6, 2, 3, 4), (5, 1, 7, 8), (9, 10, 11, 12), (13, 14, 15, 16)), ((6, 2, 3, 4), (1, 5, 7, 8), (9, 10, 11, 12), (13, 14, 15, 16)), ((1, 2, 3, 4), (6, 5, 7, 8), (9, 10, 11, 12), (13, 14, 15, 16)), ((1, 2, 3, 4), (5, 6, 7, 8), (9, 10, 11, 12), (13, 14, 15, 16))]



