Statistics: 

Total Execution Time: 3.7960598468780518

Total Search Path: 203

Total Solution Path: 54

Total No Solutions: 0

Average Execution Time: 3.7960598468780518

Average Search Path: 203.0

Average Solution Path: 54.0

Average No Solutions: 0.0





=== Puzzle 1 ===

Puzzle: ((4, 21, 16, 5, 2), (12, 3, 9, 17, 22), (15, 20, 8, 7, 24), (18, 14, 19, 6, 10), (1, 23, 25, 13, 11))

Execution Time: 3.7960598468780518

Search Path: [((4, 21, 16, 5, 2), (12, 3, 9, 17, 22), (15, 20, 8, 7, 24), (18, 14, 19, 6, 10), (1, 23, 25, 13, 11)), ((4, 21, 16, 5, 2), (12, 3, 9, 17, 22), (15, 20, 8, 7, 24), (18, 14, 19, 6, 10), (1, 23, 13, 25, 11)), ((4, 21, 16, 5, 2), (12, 3, 9, 17, 22), (15, 20, 8, 7, 24), (18, 14, 19, 6, 10), (1, 23, 13, 11, 25)), ((4, 21, 16, 5, 2), (12, 3, 9, 17, 22), (15, 20, 8, 7, 24), (18, 14, 6, 19, 10), (1, 23, 13, 11, 25)), ((4, 21, 16, 5, 2), (12, 3, 9, 17, 22), (15, 20, 8, 7, 24), (18, 6, 14, 19, 10), (1, 23, 13, 11, 25)), ((4, 21, 16, 5, 2), (12, 3, 9, 17, 22), (15, 20, 8, 7, 24), (6, 18, 14, 19, 10), (1, 23, 13, 11, 25)), ((4, 21, 16, 5, 2), (12, 3, 9, 17, 22), (15, 20, 8, 7, 10), (6, 18, 14, 19, 24), (1, 23, 13, 11, 25)), ((4, 21, 16, 5, 2), (12, 3, 9, 17, 10), (15, 20, 8, 7, 22), (6, 18, 14, 19, 24), (1, 23, 13, 11, 25)), ((4, 21, 16, 5, 2), (12, 3, 9, 7, 10), (15, 20, 8, 17, 22), (6, 18, 14, 19, 24), (1, 23, 13, 11, 25)), ((4, 21, 16, 5, 2), (12, 3, 7, 9, 10), (15, 20, 8, 17, 22), (6, 18, 14, 19, 24), (1, 23, 13, 11, 25)), ((4, 21, 16, 5, 2), (12, 7, 3, 9, 10), (15, 20, 8, 17, 22), (6, 18, 14, 19, 24), (1, 23, 13, 11, 25)), ((4, 21, 16, 2, 5), (12, 7, 3, 9, 10), (15, 20, 8, 17, 22), (6, 18, 14, 19, 24), (1, 23, 13, 11, 25)), ((4, 21, 3, 2, 5), (12, 7, 16, 9, 10), (15, 20, 8, 17, 22), (6, 18, 14, 19, 24), (1, 23, 13, 11, 25)), ((4, 21, 3, 2, 5), (12, 7, 8, 9, 10), (15, 20, 16, 17, 22), (6, 18, 14, 19, 24), (1, 23, 13, 11, 25)), ((4, 21, 3, 2, 5), (12, 7, 8, 9, 10), (15, 20, 14, 17, 22), (6, 18, 16, 19, 24), (1, 23, 13, 11, 25)), ((4, 21, 3, 2, 5), (12, 7, 8, 9, 10), (15, 20, 14, 17, 22), (6, 16, 18, 19, 24), (1, 23, 13, 11, 25)), ((4, 21, 3, 2, 5), (12, 7, 8, 9, 10), (15, 20, 17, 14, 22), (6, 16, 18, 19, 24), (1, 23, 13, 11, 25)), ((4, 21, 3, 2, 5), (12, 7, 8, 9, 10), (15, 17, 20, 14, 22), (6, 16, 18, 19, 24), (1, 23, 13, 11, 25)), ((21, 4, 3, 2, 5), (12, 7, 8, 9, 10), (15, 17, 20, 14, 22), (6, 16, 18, 19, 24), (1, 23, 13, 11, 25)), ((21, 4, 3, 2, 5), (12, 7, 8, 9, 10), (15, 17, 20, 14, 22), (6, 16, 18, 19, 24), (1, 23, 11, 13, 25)), ((21, 4, 3, 2, 5), (12, 7, 8, 9, 10), (15, 17, 20, 14, 22), (6, 16, 18, 19, 24), (1, 11, 23, 13, 25)), ((21, 4, 3, 2, 5), (12, 7, 8, 9, 10), (15, 17, 20, 14, 22), (6, 16, 18, 19, 24), (1, 11, 13, 23, 25)), ((21, 4, 3, 2, 5), (12, 7, 8, 9, 10), (15, 17, 20, 14, 22), (6, 16, 18, 19, 24), (11, 1, 23, 13, 25)), ((21, 4, 3, 2, 5), (12, 7, 8, 9, 10), (15, 17, 20, 14, 22), (6, 16, 18, 19, 25), (1, 11, 23, 13, 24)), ((21, 4, 3, 2, 5), (12, 7, 8, 9, 10), (15, 17, 20, 14, 22), (6, 16, 18, 24, 19), (1, 11, 23, 13, 25)), ((21, 4, 3, 2, 5), (12, 7, 8, 9, 10), (15, 17, 20, 14, 22), (6, 16, 18, 13, 19), (1, 11, 23, 24, 25)), ((21, 4, 3, 2, 5), (12, 7, 8, 9, 10), (15, 17, 20, 14, 22), (6, 16, 18, 13, 19), (11, 1, 23, 24, 25)), ((21, 4, 3, 2, 5), (12, 7, 8, 9, 10), (15, 17, 20, 14, 22), (6, 16, 18, 19, 13), (1, 11, 23, 24, 25)), ((21, 4, 3, 2, 5), (12, 7, 8, 9, 10), (15, 17, 20, 14, 13), (6, 16, 18, 19, 22), (1, 11, 23, 24, 25)), ((21, 4, 3, 2, 5), (12, 7, 8, 9, 10), (15, 17, 20, 14, 13), (6, 16, 18, 19, 22), (11, 1, 23, 24, 25)), ((21, 4, 3, 2, 5), (12, 7, 8, 9, 10), (15, 17, 20, 14, 13), (6, 16, 18, 19, 25), (1, 11, 23, 24, 22)), ((21, 4, 3, 2, 5), (12, 7, 8, 9, 10), (15, 17, 20, 14, 13), (6, 16, 18, 22, 19), (1, 11, 23, 24, 25)), ((21, 4, 3, 2, 5), (12, 7, 8, 9, 10), (15, 17, 20, 14, 13), (6, 11, 18, 19, 22), (1, 16, 23, 24, 25)), ((21, 4, 3, 2, 5), (12, 7, 8, 9, 10), (15, 11, 20, 14, 13), (6, 17, 18, 19, 22), (1, 16, 23, 24, 25)), ((21, 4, 3, 2, 5), (12, 7, 8, 9, 10), (11, 15, 20, 14, 13), (6, 17, 18, 19, 22), (1, 16, 23, 24, 25)), ((21, 4, 3, 2, 5), (12, 7, 8, 9, 10), (11, 15, 20, 14, 13), (6, 17, 18, 19, 22), (16, 1, 23, 24, 25)), ((21, 4, 3, 2, 5), (12, 7, 8, 9, 10), (11, 15, 20, 14, 13), (6, 17, 18, 19, 25), (1, 16, 23, 24, 22)), ((21, 4, 3, 2, 5), (12, 7, 8, 9, 10), (11, 15, 20, 14, 13), (6, 17, 18, 22, 19), (1, 16, 23, 24, 25)), ((21, 4, 3, 2, 5), (12, 7, 8, 9, 10), (11, 15, 20, 14, 13), (6, 16, 18, 19, 22), (1, 17, 23, 24, 25)), ((21, 4, 3, 2, 5), (12, 7, 8, 9, 10), (11, 15, 20, 14, 13), (1, 17, 18, 19, 22), (6, 16, 23, 24, 25)), ((21, 4, 3, 2, 5), (12, 7, 8, 9, 10), (11, 15, 20, 13, 14), (6, 17, 18, 19, 22), (1, 16, 23, 24, 25)), ((21, 4, 3, 2, 5), (12, 7, 8, 9, 10), (11, 15, 13, 20, 14), (6, 17, 18, 19, 22), (1, 16, 23, 24, 25)), ((21, 4, 3, 2, 5), (12, 7, 8, 9, 10), (11, 15, 13, 14, 20), (6, 17, 18, 19, 22), (1, 16, 23, 24, 25)), ((21, 4, 3, 2, 5), (12, 7, 8, 9, 10), (11, 15, 13, 14, 20), (6, 17, 18, 19, 22), (16, 1, 23, 24, 25)), ((21, 4, 3, 2, 5), (12, 7, 8, 9, 10), (11, 15, 13, 14, 20), (6, 17, 18, 19, 25), (1, 16, 23, 24, 22)), ((21, 4, 3, 2, 5), (12, 7, 8, 9, 10), (11, 15, 13, 14, 20), (6, 17, 18, 22, 19), (1, 16, 23, 24, 25)), ((21, 4, 3, 2, 5), (12, 7, 8, 9, 10), (11, 15, 13, 14, 20), (6, 16, 18, 19, 22), (1, 17, 23, 24, 25)), ((21, 4, 3, 2, 5), (12, 7, 8, 9, 10), (11, 15, 13, 14, 20), (1, 17, 18, 19, 22), (6, 16, 23, 24, 25)), ((21, 4, 3, 2, 5), (12, 7, 8, 9, 10), (11, 15, 13, 14, 22), (6, 17, 18, 19, 20), (1, 16, 23, 24, 25)), ((21, 4, 3, 2, 5), (12, 7, 8, 9, 10), (11, 13, 15, 14, 20), (6, 17, 18, 19, 22), (1, 16, 23, 24, 25)), ((21, 4, 3, 2, 5), (12, 7, 8, 9, 10), (6, 15, 13, 14, 20), (11, 17, 18, 19, 22), (1, 16, 23, 24, 25)), ((21, 4, 3, 2, 5), (6, 7, 8, 9, 10), (12, 15, 13, 14, 20), (11, 17, 18, 19, 22), (1, 16, 23, 24, 25)), ((21, 4, 3, 2, 5), (6, 7, 8, 9, 10), (12, 15, 13, 14, 20), (11, 17, 18, 19, 22), (16, 1, 23, 24, 25)), ((21, 4, 3, 2, 5), (6, 7, 8, 9, 10), (12, 15, 13, 14, 20), (11, 17, 18, 19, 25), (1, 16, 23, 24, 22)), ((21, 4, 3, 2, 5), (6, 7, 8, 9, 10), (12, 15, 13, 14, 20), (11, 17, 18, 22, 19), (1, 16, 23, 24, 25)), ((21, 4, 3, 2, 5), (6, 7, 8, 9, 10), (12, 15, 13, 14, 20), (11, 16, 18, 19, 22), (1, 17, 23, 24, 25)), ((21, 4, 3, 2, 5), (6, 7, 8, 9, 10), (12, 15, 13, 14, 20), (1, 17, 18, 19, 22), (11, 16, 23, 24, 25)), ((21, 4, 3, 2, 5), (6, 7, 8, 9, 10), (12, 15, 13, 14, 22), (11, 17, 18, 19, 20), (1, 16, 23, 24, 25)), ((21, 4, 3, 2, 5), (6, 7, 8, 9, 10), (12, 13, 15, 14, 20), (11, 17, 18, 19, 22), (1, 16, 23, 24, 25)), ((21, 4, 3, 2, 5), (6, 7, 8, 9, 10), (15, 12, 13, 14, 20), (11, 17, 18, 19, 22), (1, 16, 23, 24, 25)), ((21, 4, 3, 2, 5), (6, 7, 8, 9, 10), (11, 15, 13, 14, 20), (12, 17, 18, 19, 22), (1, 16, 23, 24, 25)), ((21, 4, 2, 3, 5), (6, 7, 8, 9, 10), (12, 15, 13, 14, 20), (11, 17, 18, 19, 22), (1, 16, 23, 24, 25)), ((21, 2, 4, 3, 5), (6, 7, 8, 9, 10), (12, 15, 13, 14, 20), (11, 17, 18, 19, 22), (1, 16, 23, 24, 25)), ((21, 2, 3, 4, 5), (6, 7, 8, 9, 10), (12, 15, 13, 14, 20), (11, 17, 18, 19, 22), (1, 16, 23, 24, 25)), ((21, 2, 3, 4, 5), (6, 7, 8, 9, 10), (12, 15, 13, 14, 20), (11, 17, 18, 19, 22), (16, 1, 23, 24, 25)), ((21, 2, 3, 4, 5), (6, 7, 8, 9, 10), (12, 15, 13, 14, 20), (11, 17, 18, 19, 25), (1, 16, 23, 24, 22)), ((21, 2, 3, 4, 5), (6, 7, 8, 9, 10), (12, 15, 13, 14, 20), (11, 17, 18, 22, 19), (1, 16, 23, 24, 25)), ((21, 2, 3, 4, 5), (6, 7, 8, 9, 10), (12, 15, 13, 14, 20), (11, 16, 18, 19, 22), (1, 17, 23, 24, 25)), ((21, 2, 3, 4, 5), (6, 7, 8, 9, 10), (12, 15, 13, 14, 20), (1, 17, 18, 19, 22), (11, 16, 23, 24, 25)), ((21, 2, 3, 4, 5), (6, 7, 8, 9, 10), (12, 15, 13, 14, 22), (11, 17, 18, 19, 20), (1, 16, 23, 24, 25)), ((21, 2, 3, 4, 5), (6, 7, 8, 9, 10), (12, 13, 15, 14, 20), (11, 17, 18, 19, 22), (1, 16, 23, 24, 25)), ((21, 2, 3, 4, 5), (6, 7, 8, 9, 10), (15, 12, 13, 14, 20), (11, 17, 18, 19, 22), (1, 16, 23, 24, 25)), ((21, 2, 3, 4, 5), (6, 7, 8, 9, 10), (11, 15, 13, 14, 20), (12, 17, 18, 19, 22), (1, 16, 23, 24, 25)), ((6, 2, 3, 4, 5), (21, 7, 8, 9, 10), (12, 15, 13, 14, 20), (11, 17, 18, 19, 22), (1, 16, 23, 24, 25)), ((6, 2, 3, 4, 5), (12, 7, 8, 9, 10), (21, 15, 13, 14, 20), (11, 17, 18, 19, 22), (1, 16, 23, 24, 25)), ((6, 2, 3, 4, 5), (12, 7, 8, 9, 10), (11, 15, 13, 14, 20), (21, 17, 18, 19, 22), (1, 16, 23, 24, 25)), ((6, 2, 3, 4, 5), (12, 7, 8, 9, 10), (11, 15, 13, 14, 20), (1, 17, 18, 19, 22), (21, 16, 23, 24, 25)), ((6, 2, 3, 4, 5), (12, 7, 8, 9, 10), (11, 15, 13, 14, 20), (1, 17, 18, 19, 22), (16, 21, 23, 24, 25)), ((6, 2, 3, 4, 5), (12, 7, 8, 9, 10), (11, 15, 13, 14, 20), (1, 17, 18, 19, 25), (21, 16, 23, 24, 22)), ((6, 2, 3, 4, 5), (12, 7, 8, 9, 10), (11, 15, 13, 14, 20), (1, 17, 18, 22, 19), (21, 16, 23, 24, 25)), ((6, 2, 3, 4, 5), (12, 7, 8, 9, 10), (11, 15, 13, 14, 20), (1, 16, 18, 19, 22), (21, 17, 23, 24, 25)), ((6, 2, 3, 4, 5), (12, 7, 8, 9, 10), (11, 15, 13, 14, 22), (1, 17, 18, 19, 20), (21, 16, 23, 24, 25)), ((6, 2, 3, 4, 5), (12, 7, 8, 9, 10), (11, 13, 15, 14, 20), (1, 17, 18, 19, 22), (21, 16, 23, 24, 25)), ((6, 2, 3, 4, 5), (12, 7, 8, 9, 10), (1, 15, 13, 14, 20), (11, 17, 18, 19, 22), (21, 16, 23, 24, 25)), ((6, 2, 3, 4, 5), (1, 7, 8, 9, 10), (12, 15, 13, 14, 20), (11, 17, 18, 19, 22), (21, 16, 23, 24, 25)), ((1, 2, 3, 4, 5), (6, 7, 8, 9, 10), (12, 15, 13, 14, 20), (11, 17, 18, 19, 22), (21, 16, 23, 24, 25)), ((1, 2, 3, 4, 5), (6, 7, 8, 9, 10), (12, 15, 13, 14, 20), (11, 17, 18, 19, 22), (16, 21, 23, 24, 25)), ((1, 2, 3, 4, 5), (6, 7, 8, 9, 10), (12, 15, 13, 14, 20), (11, 17, 18, 19, 25), (21, 16, 23, 24, 22)), ((1, 2, 3, 4, 5), (6, 7, 8, 9, 10), (12, 15, 13, 14, 20), (11, 17, 18, 22, 19), (21, 16, 23, 24, 25)), ((1, 2, 3, 4, 5), (6, 7, 8, 9, 10), (12, 15, 13, 14, 20), (11, 16, 18, 19, 22), (21, 17, 23, 24, 25)), ((1, 2, 3, 4, 5), (6, 7, 8, 9, 10), (12, 15, 13, 14, 22), (11, 17, 18, 19, 20), (21, 16, 23, 24, 25)), ((1, 2, 3, 4, 5), (6, 7, 8, 9, 10), (12, 13, 15, 14, 20), (11, 17, 18, 19, 22), (21, 16, 23, 24, 25)), ((1, 2, 3, 4, 5), (6, 7, 8, 9, 10), (15, 12, 13, 14, 20), (11, 17, 18, 19, 22), (21, 16, 23, 24, 25)), ((1, 2, 3, 4, 5), (6, 7, 8, 9, 10), (11, 15, 13, 14, 20), (12, 17, 18, 19, 22), (21, 16, 23, 24, 25)), ((1, 2, 3, 4, 5), (6, 7, 8, 9, 10), (11, 15, 13, 14, 20), (17, 12, 18, 19, 22), (21, 16, 23, 24, 25)), ((1, 2, 3, 4, 5), (6, 7, 8, 9, 10), (11, 12, 13, 14, 20), (15, 17, 18, 19, 22), (21, 16, 23, 24, 25)), ((1, 2, 3, 4, 5), (6, 7, 8, 9, 10), (12, 13, 14, 15, 20), (11, 17, 18, 19, 22), (21, 16, 23, 24, 25)), ((1, 2, 3, 4, 5), (6, 7, 8, 9, 10), (13, 12, 15, 14, 20), (11, 17, 18, 19, 22), (21, 16, 23, 24, 25)), ((1, 2, 3, 4, 5), (6, 7, 8, 9, 10), (11, 13, 15, 14, 20), (12, 17, 18, 19, 22), (21, 16, 23, 24, 25)), ((1, 2, 3, 4, 5), (6, 7, 8, 9, 10), (12, 15, 13, 22, 14), (11, 17, 18, 19, 20), (21, 16, 23, 24, 25)), ((1, 2, 3, 4, 5), (6, 7, 8, 9, 10), (12, 13, 15, 14, 22), (11, 17, 18, 19, 20), (21, 16, 23, 24, 25)), ((1, 2, 3, 4, 5), (6, 7, 8, 9, 10), (15, 12, 13, 14, 22), (11, 17, 18, 19, 20), (21, 16, 23, 24, 25)), ((1, 2, 3, 4, 5), (6, 7, 8, 9, 10), (11, 15, 13, 14, 22), (12, 17, 18, 19, 20), (21, 16, 23, 24, 25)), ((1, 2, 3, 4, 5), (6, 7, 8, 9, 10), (12, 15, 13, 14, 20), (16, 11, 18, 19, 22), (21, 17, 23, 24, 25)), ((1, 2, 3, 4, 5), (6, 7, 8, 9, 10), (12, 15, 13, 14, 22), (11, 16, 18, 19, 20), (21, 17, 23, 24, 25)), ((1, 2, 3, 4, 5), (6, 7, 8, 9, 10), (12, 13, 15, 14, 20), (11, 16, 18, 19, 22), (21, 17, 23, 24, 25)), ((1, 2, 3, 4, 5), (6, 7, 8, 9, 10), (15, 12, 13, 14, 20), (11, 16, 18, 19, 22), (21, 17, 23, 24, 25)), ((1, 2, 3, 4, 5), (6, 7, 8, 9, 10), (11, 15, 13, 14, 20), (12, 16, 18, 19, 22), (21, 17, 23, 24, 25)), ((1, 2, 3, 4, 5), (6, 7, 8, 9, 10), (11, 15, 13, 14, 20), (16, 12, 18, 19, 22), (21, 17, 23, 24, 25)), ((1, 2, 3, 4, 5), (6, 7, 8, 9, 10), (11, 15, 13, 14, 20), (16, 12, 18, 19, 25), (21, 17, 23, 24, 22)), ((1, 2, 3, 4, 5), (6, 7, 8, 9, 10), (11, 15, 13, 14, 20), (16, 12, 18, 22, 19), (21, 17, 23, 24, 25)), ((1, 2, 3, 4, 5), (6, 7, 8, 9, 10), (11, 15, 13, 14, 20), (16, 17, 18, 19, 22), (21, 12, 23, 24, 25)), ((1, 2, 3, 4, 5), (6, 7, 8, 9, 10), (11, 15, 13, 14, 22), (16, 12, 18, 19, 20), (21, 17, 23, 24, 25)), ((1, 2, 3, 4, 5), (6, 7, 8, 9, 10), (11, 13, 15, 14, 20), (16, 12, 18, 19, 22), (21, 17, 23, 24, 25)), ((1, 2, 3, 4, 5), (6, 7, 8, 9, 10), (11, 12, 13, 14, 20), (16, 15, 18, 19, 22), (21, 17, 23, 24, 25)), ((1, 2, 3, 4, 5), (6, 7, 8, 9, 10), (12, 15, 13, 14, 20), (11, 17, 18, 24, 19), (21, 16, 23, 22, 25)), ((1, 2, 3, 4, 5), (6, 7, 8, 9, 10), (12, 15, 13, 14, 20), (11, 17, 22, 18, 19), (21, 16, 23, 24, 25)), ((1, 2, 3, 4, 5), (6, 7, 8, 9, 10), (12, 15, 13, 14, 20), (11, 16, 18, 22, 19), (21, 17, 23, 24, 25)), ((1, 2, 3, 4, 5), (6, 7, 8, 9, 10), (12, 15, 13, 14, 19), (11, 17, 18, 22, 20), (21, 16, 23, 24, 25)), ((1, 2, 3, 4, 5), (6, 7, 8, 9, 10), (12, 13, 15, 14, 20), (11, 17, 18, 22, 19), (21, 16, 23, 24, 25)), ((1, 2, 3, 4, 5), (6, 7, 8, 9, 10), (15, 12, 13, 14, 20), (11, 17, 18, 22, 19), (21, 16, 23, 24, 25)), ((1, 2, 3, 4, 5), (6, 7, 8, 9, 10), (11, 15, 13, 14, 20), (12, 17, 18, 22, 19), (21, 16, 23, 24, 25)), ((1, 2, 3, 4, 5), (6, 7, 8, 9, 10), (12, 15, 13, 14, 20), (11, 17, 18, 19, 25), (21, 16, 23, 22, 24)), ((1, 2, 3, 4, 5), (6, 7, 8, 9, 10), (12, 15, 13, 14, 20), (11, 16, 18, 19, 25), (21, 17, 23, 24, 22)), ((1, 2, 3, 4, 5), (6, 7, 8, 9, 10), (12, 15, 13, 14, 25), (11, 17, 18, 19, 20), (21, 16, 23, 24, 22)), ((1, 2, 3, 4, 5), (6, 7, 8, 9, 10), (12, 13, 15, 14, 20), (11, 17, 18, 19, 25), (21, 16, 23, 24, 22)), ((1, 2, 3, 4, 5), (6, 7, 8, 9, 10), (15, 12, 13, 14, 20), (11, 17, 18, 19, 25), (21, 16, 23, 24, 22)), ((1, 2, 3, 4, 5), (6, 7, 8, 9, 10), (11, 15, 13, 14, 20), (12, 17, 18, 19, 25), (21, 16, 23, 24, 22)), ((1, 2, 3, 4, 5), (6, 7, 8, 9, 10), (12, 15, 13, 14, 20), (11, 17, 18, 19, 25), (16, 21, 23, 24, 22)), ((1, 2, 3, 4, 5), (6, 7, 8, 9, 10), (12, 15, 13, 14, 20), (11, 17, 18, 22, 19), (16, 21, 23, 24, 25)), ((1, 2, 3, 4, 5), (6, 7, 8, 9, 10), (12, 15, 13, 14, 20), (16, 17, 18, 19, 22), (11, 21, 23, 24, 25)), ((1, 2, 3, 4, 5), (6, 7, 8, 9, 10), (12, 15, 13, 14, 22), (11, 17, 18, 19, 20), (16, 21, 23, 24, 25)), ((1, 2, 3, 4, 5), (6, 7, 8, 9, 10), (12, 13, 15, 14, 20), (11, 17, 18, 19, 22), (16, 21, 23, 24, 25)), ((1, 2, 3, 4, 5), (6, 7, 8, 9, 10), (15, 12, 13, 14, 20), (11, 17, 18, 19, 22), (16, 21, 23, 24, 25)), ((1, 2, 3, 4, 5), (6, 7, 8, 9, 10), (11, 15, 13, 14, 20), (12, 17, 18, 19, 22), (16, 21, 23, 24, 25)), ((6, 2, 3, 4, 5), (1, 7, 8, 9, 10), (12, 15, 13, 14, 20), (11, 17, 18, 19, 22), (16, 21, 23, 24, 25)), ((6, 2, 3, 4, 5), (1, 7, 8, 9, 10), (12, 15, 13, 14, 20), (11, 17, 18, 19, 25), (21, 16, 23, 24, 22)), ((6, 2, 3, 4, 5), (1, 7, 8, 9, 10), (12, 15, 13, 14, 20), (11, 17, 18, 22, 19), (21, 16, 23, 24, 25)), ((6, 2, 3, 4, 5), (1, 7, 8, 9, 10), (12, 15, 13, 14, 20), (11, 16, 18, 19, 22), (21, 17, 23, 24, 25)), ((6, 2, 3, 4, 5), (1, 7, 8, 9, 10), (12, 15, 13, 14, 22), (11, 17, 18, 19, 20), (21, 16, 23, 24, 25)), ((6, 2, 3, 4, 5), (1, 7, 8, 9, 10), (12, 13, 15, 14, 20), (11, 17, 18, 19, 22), (21, 16, 23, 24, 25)), ((6, 2, 3, 4, 5), (1, 7, 8, 9, 10), (15, 12, 13, 14, 20), (11, 17, 18, 19, 22), (21, 16, 23, 24, 25)), ((6, 2, 3, 4, 5), (1, 7, 8, 9, 10), (11, 15, 13, 14, 20), (12, 17, 18, 19, 22), (21, 16, 23, 24, 25)), ((6, 2, 3, 4, 5), (7, 12, 8, 9, 10), (11, 15, 13, 14, 20), (1, 17, 18, 19, 22), (21, 16, 23, 24, 25)), ((6, 2, 3, 4, 5), (11, 7, 8, 9, 10), (12, 15, 13, 14, 20), (1, 17, 18, 19, 22), (21, 16, 23, 24, 25)), ((12, 2, 3, 4, 5), (6, 7, 8, 9, 10), (11, 15, 13, 14, 20), (1, 17, 18, 19, 22), (21, 16, 23, 24, 25)), ((2, 12, 3, 4, 5), (6, 7, 8, 9, 10), (11, 15, 13, 14, 20), (1, 17, 18, 19, 22), (21, 16, 23, 24, 25)), ((6, 2, 3, 4, 5), (11, 7, 8, 9, 10), (15, 12, 13, 14, 20), (1, 17, 18, 19, 22), (21, 16, 23, 24, 25)), ((11, 2, 3, 4, 5), (6, 7, 8, 9, 10), (12, 15, 13, 14, 20), (1, 17, 18, 19, 22), (21, 16, 23, 24, 25)), ((6, 2, 3, 4, 5), (7, 15, 8, 9, 10), (11, 12, 13, 14, 20), (1, 17, 18, 19, 22), (21, 16, 23, 24, 25)), ((7, 2, 3, 4, 5), (6, 12, 8, 9, 10), (11, 15, 13, 14, 20), (1, 17, 18, 19, 22), (21, 16, 23, 24, 25)), ((1, 2, 3, 4, 5), (6, 7, 8, 9, 10), (12, 15, 13, 14, 22), (16, 17, 18, 19, 20), (11, 21, 23, 24, 25)), ((1, 2, 3, 4, 5), (6, 7, 8, 9, 10), (12, 13, 15, 14, 20), (16, 17, 18, 19, 22), (11, 21, 23, 24, 25)), ((1, 2, 3, 4, 5), (6, 7, 8, 9, 10), (15, 12, 13, 14, 20), (16, 17, 18, 19, 22), (11, 21, 23, 24, 25)), ((1, 2, 3, 4, 5), (6, 7, 8, 9, 10), (12, 15, 13, 14, 20), (16, 17, 18, 22, 19), (11, 21, 23, 24, 25)), ((1, 2, 3, 4, 5), (6, 7, 8, 9, 10), (12, 15, 13, 14, 20), (16, 17, 18, 19, 25), (11, 21, 23, 24, 22)), ((1, 2, 3, 4, 5), (6, 7, 8, 9, 10), (11, 15, 13, 14, 20), (12, 17, 18, 19, 25), (16, 21, 23, 24, 22)), ((1, 2, 3, 4, 5), (6, 7, 8, 9, 10), (15, 12, 13, 14, 20), (11, 17, 18, 19, 25), (16, 21, 23, 24, 22)), ((1, 2, 3, 4, 5), (6, 7, 8, 9, 10), (12, 13, 15, 14, 20), (11, 17, 18, 19, 25), (16, 21, 23, 24, 22)), ((1, 2, 3, 4, 5), (6, 7, 8, 9, 10), (12, 15, 13, 14, 25), (11, 17, 18, 19, 20), (16, 21, 23, 24, 22)), ((1, 2, 3, 4, 5), (6, 7, 8, 9, 10), (12, 13, 15, 14, 25), (11, 17, 18, 19, 20), (21, 16, 23, 24, 22)), ((1, 2, 3, 4, 5), (6, 7, 8, 9, 10), (15, 12, 13, 14, 25), (11, 17, 18, 19, 20), (21, 16, 23, 24, 22)), ((1, 2, 3, 4, 5), (6, 7, 8, 9, 10), (11, 15, 13, 14, 25), (12, 17, 18, 19, 20), (21, 16, 23, 24, 22)), ((1, 2, 3, 4, 5), (6, 7, 8, 9, 10), (12, 15, 13, 14, 25), (11, 16, 18, 19, 20), (21, 17, 23, 24, 22)), ((1, 2, 3, 4, 5), (6, 7, 8, 9, 10), (12, 15, 13, 14, 20), (11, 17, 18, 19, 25), (21, 16, 22, 23, 24)), ((1, 2, 3, 4, 5), (6, 7, 8, 9, 10), (12, 15, 13, 14, 20), (11, 17, 18, 19, 25), (16, 21, 23, 22, 24)), ((1, 2, 3, 4, 5), (6, 7, 8, 9, 10), (12, 15, 13, 14, 20), (11, 16, 18, 19, 25), (21, 17, 23, 22, 24)), ((1, 2, 3, 4, 5), (6, 7, 8, 9, 10), (12, 15, 13, 14, 25), (11, 17, 18, 19, 20), (21, 16, 23, 22, 24)), ((1, 2, 3, 4, 5), (6, 7, 8, 9, 10), (12, 13, 15, 14, 20), (11, 17, 18, 19, 25), (21, 16, 23, 22, 24)), ((1, 2, 3, 4, 5), (6, 7, 8, 9, 10), (15, 12, 13, 14, 20), (11, 17, 18, 19, 25), (21, 16, 23, 22, 24)), ((1, 2, 3, 4, 5), (6, 7, 8, 9, 10), (11, 15, 13, 14, 20), (12, 17, 18, 19, 25), (21, 16, 23, 22, 24)), ((1, 2, 3, 4, 5), (6, 7, 8, 9, 10), (11, 15, 13, 14, 20), (12, 17, 18, 22, 19), (16, 21, 23, 24, 25)), ((1, 2, 3, 4, 5), (6, 7, 8, 9, 10), (15, 12, 13, 14, 20), (11, 17, 18, 22, 19), (16, 21, 23, 24, 25)), ((1, 2, 3, 4, 5), (6, 7, 8, 9, 10), (12, 13, 15, 14, 20), (11, 17, 18, 22, 19), (16, 21, 23, 24, 25)), ((1, 2, 3, 4, 5), (6, 7, 8, 9, 10), (12, 15, 13, 14, 19), (11, 17, 18, 22, 20), (16, 21, 23, 24, 25)), ((1, 2, 3, 4, 5), (6, 7, 8, 9, 10), (12, 13, 15, 14, 19), (11, 17, 18, 22, 20), (21, 16, 23, 24, 25)), ((1, 2, 3, 4, 5), (6, 7, 8, 9, 10), (15, 12, 13, 14, 19), (11, 17, 18, 22, 20), (21, 16, 23, 24, 25)), ((1, 2, 3, 4, 5), (6, 7, 8, 9, 10), (11, 15, 13, 14, 19), (12, 17, 18, 22, 20), (21, 16, 23, 24, 25)), ((1, 2, 3, 4, 5), (6, 7, 8, 9, 10), (12, 15, 13, 14, 19), (11, 16, 18, 22, 20), (21, 17, 23, 24, 25)), ((1, 2, 3, 4, 5), (6, 7, 8, 9, 10), (12, 15, 13, 14, 20), (11, 17, 22, 18, 19), (16, 21, 23, 24, 25)), ((1, 2, 3, 4, 5), (6, 7, 8, 9, 10), (12, 15, 13, 14, 20), (11, 17, 22, 19, 18), (21, 16, 23, 24, 25)), ((1, 2, 3, 4, 5), (6, 7, 8, 9, 10), (12, 15, 13, 14, 20), (11, 17, 23, 18, 19), (21, 16, 22, 24, 25)), ((1, 2, 3, 4, 5), (6, 7, 8, 9, 10), (12, 15, 13, 14, 20), (11, 22, 17, 18, 19), (21, 16, 23, 24, 25)), ((1, 2, 3, 4, 5), (6, 7, 8, 9, 10), (12, 15, 13, 14, 20), (11, 16, 17, 18, 19), (21, 22, 23, 24, 25)), ((1, 2, 3, 4, 5), (6, 7, 8, 9, 10), (12, 15, 13, 14, 20), (11, 16, 17, 19, 18), (21, 22, 23, 24, 25)), ((1, 2, 3, 4, 5), (6, 7, 8, 9, 10), (12, 15, 13, 14, 20), (11, 16, 18, 17, 19), (21, 22, 23, 24, 25)), ((1, 2, 3, 4, 5), (6, 7, 8, 9, 10), (12, 15, 13, 14, 20), (11, 17, 16, 18, 19), (21, 22, 23, 24, 25)), ((1, 2, 3, 4, 5), (6, 7, 8, 9, 10), (12, 15, 13, 14, 20), (16, 11, 17, 18, 19), (21, 22, 23, 24, 25)), ((1, 2, 3, 4, 5), (6, 7, 8, 9, 10), (12, 15, 13, 14, 19), (11, 16, 17, 18, 20), (21, 22, 23, 24, 25)), ((1, 2, 3, 4, 5), (6, 7, 8, 9, 10), (12, 13, 15, 14, 20), (11, 16, 17, 18, 19), (21, 22, 23, 24, 25)), ((1, 2, 3, 4, 5), (6, 7, 8, 9, 10), (15, 12, 13, 14, 20), (11, 16, 17, 18, 19), (21, 22, 23, 24, 25)), ((1, 2, 3, 4, 5), (6, 7, 8, 9, 10), (11, 15, 13, 14, 20), (12, 16, 17, 18, 19), (21, 22, 23, 24, 25)), ((1, 2, 3, 4, 5), (6, 7, 8, 9, 10), (11, 15, 13, 14, 20), (16, 12, 17, 18, 19), (21, 22, 23, 24, 25)), ((1, 2, 3, 4, 5), (6, 7, 8, 9, 10), (11, 15, 13, 14, 20), (16, 12, 17, 19, 18), (21, 22, 23, 24, 25)), ((1, 2, 3, 4, 5), (6, 7, 8, 9, 10), (11, 15, 13, 14, 20), (16, 12, 18, 17, 19), (21, 22, 23, 24, 25)), ((1, 2, 3, 4, 5), (6, 7, 8, 9, 10), (11, 15, 13, 14, 20), (16, 17, 12, 18, 19), (21, 22, 23, 24, 25)), ((1, 2, 3, 4, 5), (6, 7, 8, 9, 10), (11, 15, 13, 14, 19), (16, 12, 17, 18, 20), (21, 22, 23, 24, 25)), ((1, 2, 3, 4, 5), (6, 7, 8, 9, 10), (11, 13, 15, 14, 20), (16, 12, 17, 18, 19), (21, 22, 23, 24, 25)), ((1, 2, 3, 4, 5), (6, 7, 8, 9, 10), (11, 12, 13, 14, 20), (16, 15, 17, 18, 19), (21, 22, 23, 24, 25)), ((1, 2, 3, 4, 5), (6, 7, 8, 9, 10), (11, 12, 13, 14, 20), (16, 17, 15, 18, 19), (21, 22, 23, 24, 25)), ((1, 2, 3, 4, 5), (6, 7, 8, 9, 10), (11, 12, 13, 14, 20), (16, 17, 18, 15, 19), (21, 22, 23, 24, 25)), ((1, 2, 3, 4, 5), (6, 7, 8, 9, 10), (11, 12, 13, 14, 20), (16, 17, 18, 19, 15), (21, 22, 23, 24, 25)), ((1, 2, 3, 4, 5), (6, 7, 8, 9, 10), (11, 12, 13, 14, 15), (16, 17, 18, 19, 20), (21, 22, 23, 24, 25))]

Solution Path: [((4, 21, 16, 5, 2), (12, 3, 9, 17, 22), (15, 20, 8, 7, 24), (18, 14, 19, 6, 10), (1, 23, 25, 13, 11)), ((4, 21, 16, 5, 2), (12, 3, 9, 17, 22), (15, 20, 8, 7, 24), (18, 14, 19, 6, 10), (1, 23, 13, 25, 11)), ((4, 21, 16, 5, 2), (12, 3, 9, 17, 22), (15, 20, 8, 7, 24), (18, 14, 19, 6, 10), (1, 23, 13, 11, 25)), ((4, 21, 16, 5, 2), (12, 3, 9, 17, 22), (15, 20, 8, 7, 24), (18, 14, 6, 19, 10), (1, 23, 13, 11, 25)), ((4, 21, 16, 5, 2), (12, 3, 9, 17, 22), (15, 20, 8, 7, 24), (18, 6, 14, 19, 10), (1, 23, 13, 11, 25)), ((4, 21, 16, 5, 2), (12, 3, 9, 17, 22), (15, 20, 8, 7, 24), (6, 18, 14, 19, 10), (1, 23, 13, 11, 25)), ((4, 21, 16, 5, 2), (12, 3, 9, 17, 22), (15, 20, 8, 7, 10), (6, 18, 14, 19, 24), (1, 23, 13, 11, 25)), ((4, 21, 16, 5, 2), (12, 3, 9, 17, 10), (15, 20, 8, 7, 22), (6, 18, 14, 19, 24), (1, 23, 13, 11, 25)), ((4, 21, 16, 5, 2), (12, 3, 9, 7, 10), (15, 20, 8, 17, 22), (6, 18, 14, 19, 24), (1, 23, 13, 11, 25)), ((4, 21, 16, 5, 2), (12, 3, 7, 9, 10), (15, 20, 8, 17, 22), (6, 18, 14, 19, 24), (1, 23, 13, 11, 25)), ((4, 21, 16, 5, 2), (12, 7, 3, 9, 10), (15, 20, 8, 17, 22), (6, 18, 14, 19, 24), (1, 23, 13, 11, 25)), ((4, 21, 16, 2, 5), (12, 7, 3, 9, 10), (15, 20, 8, 17, 22), (6, 18, 14, 19, 24), (1, 23, 13, 11, 25)), ((4, 21, 3, 2, 5), (12, 7, 16, 9, 10), (15, 20, 8, 17, 22), (6, 18, 14, 19, 24), (1, 23, 13, 11, 25)), ((4, 21, 3, 2, 5), (12, 7, 8, 9, 10), (15, 20, 16, 17, 22), (6, 18, 14, 19, 24), (1, 23, 13, 11, 25)), ((4, 21, 3, 2, 5), (12, 7, 8, 9, 10), (15, 20, 14, 17, 22), (6, 18, 16, 19, 24), (1, 23, 13, 11, 25)), ((4, 21, 3, 2, 5), (12, 7, 8, 9, 10), (15, 20, 14, 17, 22), (6, 16, 18, 19, 24), (1, 23, 13, 11, 25)), ((4, 21, 3, 2, 5), (12, 7, 8, 9, 10), (15, 20, 17, 14, 22), (6, 16, 18, 19, 24), (1, 23, 13, 11, 25)), ((4, 21, 3, 2, 5), (12, 7, 8, 9, 10), (15, 17, 20, 14, 22), (6, 16, 18, 19, 24), (1, 23, 13, 11, 25)), ((21, 4, 3, 2, 5), (12, 7, 8, 9, 10), (15, 17, 20, 14, 22), (6, 16, 18, 19, 24), (1, 23, 13, 11, 25)), ((21, 4, 3, 2, 5), (12, 7, 8, 9, 10), (15, 17, 20, 14, 22), (6, 16, 18, 19, 24), (1, 23, 11, 13, 25)), ((21, 4, 3, 2, 5), (12, 7, 8, 9, 10), (15, 17, 20, 14, 22), (6, 16, 18, 19, 24), (1, 11, 23, 13, 25)), ((21, 4, 3, 2, 5), (12, 7, 8, 9, 10), (15, 17, 20, 14, 22), (6, 16, 18, 24, 19), (1, 11, 23, 13, 25)), ((21, 4, 3, 2, 5), (12, 7, 8, 9, 10), (15, 17, 20, 14, 22), (6, 16, 18, 13, 19), (1, 11, 23, 24, 25)), ((21, 4, 3, 2, 5), (12, 7, 8, 9, 10), (15, 17, 20, 14, 22), (6, 16, 18, 19, 13), (1, 11, 23, 24, 25)), ((21, 4, 3, 2, 5), (12, 7, 8, 9, 10), (15, 17, 20, 14, 13), (6, 16, 18, 19, 22), (1, 11, 23, 24, 25)), ((21, 4, 3, 2, 5), (12, 7, 8, 9, 10), (15, 17, 20, 14, 13), (6, 11, 18, 19, 22), (1, 16, 23, 24, 25)), ((21, 4, 3, 2, 5), (12, 7, 8, 9, 10), (15, 11, 20, 14, 13), (6, 17, 18, 19, 22), (1, 16, 23, 24, 25)), ((21, 4, 3, 2, 5), (12, 7, 8, 9, 10), (11, 15, 20, 14, 13), (6, 17, 18, 19, 22), (1, 16, 23, 24, 25)), ((21, 4, 3, 2, 5), (12, 7, 8, 9, 10), (11, 15, 20, 13, 14), (6, 17, 18, 19, 22), (1, 16, 23, 24, 25)), ((21, 4, 3, 2, 5), (12, 7, 8, 9, 10), (11, 15, 13, 20, 14), (6, 17, 18, 19, 22), (1, 16, 23, 24, 25)), ((21, 4, 3, 2, 5), (12, 7, 8, 9, 10), (11, 15, 13, 14, 20), (6, 17, 18, 19, 22), (1, 16, 23, 24, 25)), ((21, 4, 3, 2, 5), (12, 7, 8, 9, 10), (6, 15, 13, 14, 20), (11, 17, 18, 19, 22), (1, 16, 23, 24, 25)), ((21, 4, 3, 2, 5), (6, 7, 8, 9, 10), (12, 15, 13, 14, 20), (11, 17, 18, 19, 22), (1, 16, 23, 24, 25)), ((21, 4, 2, 3, 5), (6, 7, 8, 9, 10), (12, 15, 13, 14, 20), (11, 17, 18, 19, 22), (1, 16, 23, 24, 25)), ((21, 2, 4, 3, 5), (6, 7, 8, 9, 10), (12, 15, 13, 14, 20), (11, 17, 18, 19, 22), (1, 16, 23, 24, 25)), ((21, 2, 3, 4, 5), (6, 7, 8, 9, 10), (12, 15, 13, 14, 20), (11, 17, 18, 19, 22), (1, 16, 23, 24, 25)), ((6, 2, 3, 4, 5), (21, 7, 8, 9, 10), (12, 15, 13, 14, 20), (11, 17, 18, 19, 22), (1, 16, 23, 24, 25)), ((6, 2, 3, 4, 5), (12, 7, 8, 9, 10), (21, 15, 13, 14, 20), (11, 17, 18, 19, 22), (1, 16, 23, 24, 25)), ((6, 2, 3, 4, 5), (12, 7, 8, 9, 10), (11, 15, 13, 14, 20), (21, 17, 18, 19, 22), (1, 16, 23, 24, 25)), ((6, 2, 3, 4, 5), (12, 7, 8, 9, 10), (11, 15, 13, 14, 20), (1, 17, 18, 19, 22), (21, 16, 23, 24, 25)), ((6, 2, 3, 4, 5), (12, 7, 8, 9, 10), (1, 15, 13, 14, 20), (11, 17, 18, 19, 22), (21, 16, 23, 24, 25)), ((6, 2, 3, 4, 5), (1, 7, 8, 9, 10), (12, 15, 13, 14, 20), (11, 17, 18, 19, 22), (21, 16, 23, 24, 25)), ((1, 2, 3, 4, 5), (6, 7, 8, 9, 10), (12, 15, 13, 14, 20), (11, 17, 18, 19, 22), (21, 16, 23, 24, 25)), ((1, 2, 3, 4, 5), (6, 7, 8, 9, 10), (12, 15, 13, 14, 20), (11, 17, 18, 22, 19), (21, 16, 23, 24, 25)), ((1, 2, 3, 4, 5), (6, 7, 8, 9, 10), (12, 15, 13, 14, 20), (11, 17, 22, 18, 19), (21, 16, 23, 24, 25)), ((1, 2, 3, 4, 5), (6, 7, 8, 9, 10), (12, 15, 13, 14, 20), (11, 22, 17, 18, 19), (21, 16, 23, 24, 25)), ((1, 2, 3, 4, 5), (6, 7, 8, 9, 10), (12, 15, 13, 14, 20), (11, 16, 17, 18, 19), (21, 22, 23, 24, 25)), ((1, 2, 3, 4, 5), (6, 7, 8, 9, 10), (11, 15, 13, 14, 20), (12, 16, 17, 18, 19), (21, 22, 23, 24, 25)), ((1, 2, 3, 4, 5), (6, 7, 8, 9, 10), (11, 15, 13, 14, 20), (16, 12, 17, 18, 19), (21, 22, 23, 24, 25)), ((1, 2, 3, 4, 5), (6, 7, 8, 9, 10), (11, 12, 13, 14, 20), (16, 15, 17, 18, 19), (21, 22, 23, 24, 25)), ((1, 2, 3, 4, 5), (6, 7, 8, 9, 10), (11, 12, 13, 14, 20), (16, 17, 15, 18, 19), (21, 22, 23, 24, 25)), ((1, 2, 3, 4, 5), (6, 7, 8, 9, 10), (11, 12, 13, 14, 20), (16, 17, 18, 15, 19), (21, 22, 23, 24, 25)), ((1, 2, 3, 4, 5), (6, 7, 8, 9, 10), (11, 12, 13, 14, 20), (16, 17, 18, 19, 15), (21, 22, 23, 24, 25)), ((1, 2, 3, 4, 5), (6, 7, 8, 9, 10), (11, 12, 13, 14, 15), (16, 17, 18, 19, 20), (21, 22, 23, 24, 25))]



