Total Execution Time: 282.8388981819153

Total Search Path: 389

Total Solution Path: 88

Total No Solutions: 4

Average Execution Time: 56.56777963638306

Average Search Path: 389.0

Average Solution Path: 88.0

Average No Solutions: 0.8





=== Puzzle 1 ===

Puzzle: N

Execution Time: 60.12554097175598

Search Path: No solutions

Solution Path: No solutions - Time exceeded



=== Puzzle 2 ===

Puzzle: N

Execution Time: 60.119235038757324

Search Path: No solutions

Solution Path: No solutions - Time exceeded



=== Puzzle 3 ===

Puzzle: N

Execution Time: 60.17549729347229

Search Path: No solutions

Solution Path: No solutions - Time exceeded



=== Puzzle 4 ===

Puzzle: ((24, 31, 3, 35, 19, 18), (10, 4, 26, 34, 21, 16), (7, 13, 14, 23, 9, 30), (32, 8, 12, 27, 29, 5), (28, 20, 22, 36, 25, 11), (17, 6, 1, 2, 33, 15))

Execution Time: 42.324907064437866

Search Path: [((24, 31, 3, 35, 19, 18), (10, 4, 26, 34, 21, 16), (7, 13, 14, 23, 9, 30), (32, 8, 12, 27, 29, 5), (28, 20, 22, 36, 25, 11), (17, 6, 1, 2, 33, 15)), ((24, 31, 3, 35, 19, 18), (10, 4, 26, 34, 21, 16), (7, 13, 14, 23, 9, 30), (32, 8, 12, 27, 29, 5), (28, 20, 22, 36, 25, 11), (17, 1, 6, 2, 33, 15)), ((24, 31, 3, 35, 19, 18), (10, 4, 26, 34, 21, 16), (7, 13, 14, 23, 9, 30), (32, 8, 12, 27, 29, 5), (28, 20, 22, 36, 25, 11), (17, 1, 2, 6, 33, 15)), ((24, 31, 3, 35, 19, 18), (10, 4, 26, 34, 21, 16), (7, 13, 14, 23, 9, 30), (32, 8, 12, 27, 29, 5), (28, 20, 22, 36, 25, 11), (17, 1, 2, 33, 6, 15)), ((24, 31, 3, 35, 19, 18), (10, 4, 26, 34, 21, 16), (7, 13, 14, 23, 9, 30), (32, 8, 12, 27, 29, 5), (28, 20, 22, 36, 25, 11), (17, 1, 2, 33, 15, 6)), ((24, 31, 3, 35, 19, 18), (10, 4, 26, 34, 21, 16), (7, 13, 14, 23, 9, 30), (32, 8, 12, 27, 29, 5), (28, 20, 22, 36, 25, 11), (1, 17, 2, 33, 15, 6)), ((24, 31, 3, 35, 19, 18), (10, 4, 26, 34, 21, 16), (7, 13, 14, 23, 9, 30), (32, 8, 12, 27, 29, 5), (28, 20, 22, 36, 25, 11), (1, 2, 17, 33, 15, 6)), ((24, 31, 3, 35, 19, 18), (10, 4, 26, 34, 21, 16), (7, 13, 14, 23, 9, 30), (32, 8, 12, 27, 29, 5), (28, 20, 22, 36, 25, 11), (1, 2, 33, 17, 15, 6)), ((24, 31, 3, 35, 19, 18), (10, 4, 26, 34, 21, 16), (7, 13, 14, 23, 9, 30), (32, 8, 12, 27, 29, 5), (28, 20, 22, 36, 25, 11), (1, 2, 33, 15, 17, 6)), ((24, 31, 3, 35, 19, 18), (10, 4, 26, 34, 21, 16), (7, 13, 14, 23, 9, 30), (32, 8, 12, 27, 29, 5), (28, 20, 22, 25, 36, 11), (1, 2, 33, 15, 17, 6)), ((24, 31, 3, 35, 19, 18), (10, 4, 26, 34, 21, 16), (7, 13, 14, 23, 9, 30), (32, 8, 12, 27, 29, 5), (28, 20, 22, 25, 11, 36), (1, 2, 33, 15, 17, 6)), ((24, 31, 3, 35, 19, 18), (10, 4, 26, 34, 21, 16), (7, 13, 14, 23, 9, 30), (32, 8, 12, 27, 29, 5), (28, 20, 22, 25, 11, 6), (1, 2, 33, 15, 17, 36)), ((24, 31, 3, 35, 19, 18), (10, 4, 26, 34, 21, 16), (7, 13, 14, 23, 9, 30), (32, 8, 12, 27, 29, 5), (28, 20, 25, 22, 11, 6), (1, 2, 33, 15, 17, 36)), ((24, 31, 3, 35, 19, 18), (10, 4, 26, 34, 21, 16), (7, 13, 14, 23, 9, 30), (32, 8, 12, 27, 11, 5), (28, 20, 25, 22, 29, 6), (1, 2, 33, 15, 17, 36)), ((24, 31, 3, 35, 19, 18), (10, 4, 26, 34, 21, 16), (7, 13, 14, 23, 9, 30), (32, 8, 12, 22, 11, 5), (28, 20, 25, 27, 29, 6), (1, 2, 33, 15, 17, 36)), ((24, 31, 3, 35, 19, 18), (10, 4, 26, 34, 21, 16), (7, 13, 14, 23, 9, 5), (32, 8, 12, 22, 11, 30), (28, 20, 25, 27, 29, 6), (1, 2, 33, 15, 17, 36)), ((24, 31, 3, 35, 19, 18), (10, 4, 26, 34, 21, 16), (7, 13, 14, 23, 9, 5), (32, 8, 12, 22, 11, 6), (28, 20, 25, 27, 29, 30), (1, 2, 33, 15, 17, 36)), ((24, 31, 3, 35, 19, 18), (10, 4, 26, 34, 21, 16), (7, 13, 14, 9, 23, 5), (32, 8, 12, 22, 11, 6), (28, 20, 25, 27, 29, 30), (1, 2, 33, 15, 17, 36)), ((24, 31, 3, 35, 19, 18), (10, 4, 26, 34, 21, 16), (7, 13, 14, 9, 11, 5), (32, 8, 12, 22, 23, 6), (28, 20, 25, 27, 29, 30), (1, 2, 33, 15, 17, 36)), ((24, 31, 3, 35, 19, 18), (10, 4, 26, 34, 21, 5), (7, 13, 14, 9, 11, 16), (32, 8, 12, 22, 23, 6), (28, 20, 25, 27, 29, 30), (1, 2, 33, 15, 17, 36)), ((24, 31, 3, 35, 19, 18), (10, 4, 26, 34, 11, 5), (7, 13, 14, 9, 21, 16), (32, 8, 12, 22, 23, 6), (28, 20, 25, 27, 29, 30), (1, 2, 33, 15, 17, 36)), ((24, 31, 3, 35, 19, 18), (10, 4, 26, 9, 11, 5), (7, 13, 14, 34, 21, 16), (32, 8, 12, 22, 23, 6), (28, 20, 25, 27, 29, 30), (1, 2, 33, 15, 17, 36)), ((24, 31, 3, 35, 19, 18), (10, 26, 4, 9, 11, 5), (7, 13, 14, 34, 21, 16), (32, 8, 12, 22, 23, 6), (28, 20, 25, 27, 29, 30), (1, 2, 33, 15, 17, 36)), ((24, 31, 3, 35, 19, 18), (10, 26, 9, 4, 11, 5), (7, 13, 14, 34, 21, 16), (32, 8, 12, 22, 23, 6), (28, 20, 25, 27, 29, 30), (1, 2, 33, 15, 17, 36)), ((24, 31, 3, 35, 19, 5), (10, 26, 9, 4, 11, 18), (7, 13, 14, 34, 21, 16), (32, 8, 12, 22, 23, 6), (28, 20, 25, 27, 29, 30), (1, 2, 33, 15, 17, 36)), ((24, 31, 3, 19, 35, 5), (10, 26, 9, 4, 11, 18), (7, 13, 14, 34, 21, 16), (32, 8, 12, 22, 23, 6), (28, 20, 25, 27, 29, 30), (1, 2, 33, 15, 17, 36)), ((24, 31, 3, 4, 35, 5), (10, 26, 9, 19, 11, 18), (7, 13, 14, 34, 21, 16), (32, 8, 12, 22, 23, 6), (28, 20, 25, 27, 29, 30), (1, 2, 33, 15, 17, 36)), ((31, 24, 3, 4, 35, 5), (10, 26, 9, 19, 11, 18), (7, 13, 14, 34, 21, 16), (32, 8, 12, 22, 23, 6), (28, 20, 25, 27, 29, 30), (1, 2, 33, 15, 17, 36)), ((31, 24, 3, 4, 35, 5), (10, 26, 9, 19, 11, 18), (7, 13, 14, 34, 21, 16), (32, 8, 12, 22, 23, 6), (28, 20, 25, 27, 29, 30), (1, 2, 15, 33, 17, 36)), ((31, 24, 3, 4, 35, 5), (10, 26, 9, 19, 11, 18), (7, 13, 14, 34, 21, 16), (32, 8, 12, 22, 23, 6), (28, 20, 25, 27, 17, 30), (1, 2, 33, 15, 29, 36)), ((31, 24, 3, 4, 35, 5), (10, 26, 9, 19, 11, 18), (7, 13, 14, 34, 21, 16), (32, 8, 12, 22, 23, 6), (28, 20, 25, 15, 29, 30), (1, 2, 33, 27, 17, 36)), ((31, 24, 3, 4, 35, 5), (10, 26, 9, 19, 11, 18), (7, 13, 14, 34, 21, 16), (32, 8, 12, 22, 23, 6), (28, 20, 27, 25, 29, 30), (1, 2, 33, 15, 17, 36)), ((31, 24, 3, 4, 35, 5), (10, 26, 9, 19, 11, 18), (7, 13, 14, 34, 21, 16), (32, 8, 12, 22, 23, 6), (28, 25, 20, 27, 29, 30), (1, 2, 33, 15, 17, 36)), ((31, 24, 3, 4, 35, 5), (10, 26, 9, 19, 11, 18), (7, 13, 14, 34, 21, 16), (32, 8, 12, 22, 23, 6), (25, 28, 20, 27, 29, 30), (1, 2, 33, 15, 17, 36)), ((31, 24, 3, 4, 35, 5), (10, 26, 9, 19, 11, 18), (7, 13, 14, 34, 21, 16), (32, 8, 12, 22, 23, 6), (25, 20, 28, 27, 29, 30), (1, 2, 33, 15, 17, 36)), ((31, 24, 3, 4, 35, 5), (10, 26, 9, 19, 11, 18), (7, 13, 14, 34, 21, 16), (32, 8, 12, 22, 23, 6), (25, 20, 27, 28, 29, 30), (1, 2, 33, 15, 17, 36)), ((31, 24, 3, 4, 35, 5), (10, 26, 9, 19, 11, 18), (7, 13, 14, 34, 21, 16), (32, 8, 12, 22, 23, 6), (25, 20, 27, 28, 29, 30), (1, 2, 15, 33, 17, 36)), ((31, 24, 3, 4, 35, 5), (10, 26, 9, 19, 11, 18), (7, 13, 14, 34, 21, 16), (32, 8, 12, 22, 23, 6), (25, 20, 27, 28, 17, 30), (1, 2, 33, 15, 29, 36)), ((31, 24, 3, 4, 35, 5), (10, 26, 9, 19, 11, 18), (7, 13, 14, 34, 21, 16), (32, 8, 12, 22, 23, 6), (25, 20, 27, 15, 29, 30), (1, 2, 33, 28, 17, 36)), ((31, 24, 3, 4, 35, 5), (10, 26, 9, 19, 11, 18), (7, 13, 14, 34, 21, 16), (32, 8, 12, 22, 23, 6), (25, 2, 27, 28, 29, 30), (1, 20, 33, 15, 17, 36)), ((31, 24, 3, 4, 35, 5), (10, 26, 9, 19, 11, 18), (7, 13, 14, 34, 21, 16), (32, 8, 12, 22, 23, 6), (1, 20, 27, 28, 29, 30), (25, 2, 33, 15, 17, 36)), ((31, 24, 3, 4, 35, 5), (10, 26, 9, 19, 11, 18), (7, 13, 14, 34, 21, 16), (1, 8, 12, 22, 23, 6), (32, 20, 27, 28, 29, 30), (25, 2, 33, 15, 17, 36)), ((31, 24, 3, 4, 35, 5), (10, 26, 9, 19, 11, 18), (7, 13, 14, 34, 21, 16), (1, 8, 12, 22, 23, 6), (25, 20, 27, 28, 29, 30), (32, 2, 33, 15, 17, 36)), ((31, 24, 3, 4, 35, 5), (10, 26, 9, 19, 11, 18), (7, 13, 14, 34, 21, 16), (1, 8, 12, 22, 23, 6), (25, 20, 27, 28, 29, 30), (32, 2, 15, 33, 17, 36)), ((31, 24, 3, 4, 35, 5), (10, 26, 9, 19, 11, 18), (7, 13, 14, 34, 21, 16), (1, 8, 12, 22, 23, 6), (25, 20, 27, 28, 29, 30), (2, 32, 33, 15, 17, 36)), ((31, 24, 3, 4, 35, 5), (10, 26, 9, 19, 11, 18), (7, 13, 14, 34, 21, 16), (1, 8, 12, 22, 23, 6), (25, 20, 27, 28, 17, 30), (32, 2, 33, 15, 29, 36)), ((31, 24, 3, 4, 35, 5), (10, 26, 9, 19, 11, 18), (7, 13, 14, 34, 21, 16), (1, 8, 12, 22, 23, 6), (25, 20, 27, 15, 29, 30), (32, 2, 33, 28, 17, 36)), ((31, 24, 3, 4, 35, 5), (10, 26, 9, 19, 11, 18), (7, 13, 14, 34, 21, 16), (1, 8, 12, 22, 23, 6), (25, 2, 27, 28, 29, 30), (32, 20, 33, 15, 17, 36)), ((31, 24, 3, 4, 35, 5), (10, 26, 9, 19, 11, 18), (7, 13, 14, 34, 21, 16), (1, 8, 22, 12, 23, 6), (25, 20, 27, 28, 29, 30), (32, 2, 33, 15, 17, 36)), ((31, 24, 3, 4, 35, 5), (10, 26, 9, 19, 11, 18), (7, 13, 14, 12, 21, 16), (1, 8, 22, 34, 23, 6), (25, 20, 27, 28, 29, 30), (32, 2, 33, 15, 17, 36)), ((31, 24, 3, 4, 35, 5), (10, 26, 9, 19, 11, 18), (7, 13, 14, 21, 12, 16), (1, 8, 22, 34, 23, 6), (25, 20, 27, 28, 29, 30), (32, 2, 33, 15, 17, 36)), ((31, 24, 3, 4, 35, 5), (10, 26, 9, 19, 11, 18), (7, 13, 14, 21, 16, 12), (1, 8, 22, 34, 23, 6), (25, 20, 27, 28, 29, 30), (32, 2, 33, 15, 17, 36)), ((31, 24, 3, 4, 35, 5), (10, 26, 9, 19, 11, 12), (7, 13, 14, 21, 16, 18), (1, 8, 22, 34, 23, 6), (25, 20, 27, 28, 29, 30), (32, 2, 33, 15, 17, 36)), ((31, 24, 3, 4, 35, 5), (10, 26, 9, 19, 11, 12), (7, 13, 14, 21, 16, 18), (1, 8, 22, 34, 23, 6), (25, 20, 27, 28, 29, 30), (32, 2, 15, 33, 17, 36)), ((31, 24, 3, 4, 35, 5), (10, 26, 9, 19, 11, 12), (7, 13, 14, 21, 16, 18), (1, 8, 22, 34, 23, 6), (25, 20, 27, 28, 29, 30), (2, 32, 33, 15, 17, 36)), ((31, 24, 3, 4, 35, 5), (10, 26, 9, 19, 11, 12), (7, 13, 14, 21, 16, 18), (1, 8, 22, 34, 23, 6), (25, 20, 27, 28, 17, 30), (32, 2, 33, 15, 29, 36)), ((31, 24, 3, 4, 35, 5), (10, 26, 9, 19, 11, 12), (7, 13, 14, 21, 16, 18), (1, 8, 22, 34, 23, 6), (25, 20, 27, 15, 29, 30), (32, 2, 33, 28, 17, 36)), ((31, 24, 3, 4, 35, 5), (10, 26, 9, 19, 11, 12), (7, 13, 14, 21, 16, 18), (1, 8, 22, 15, 23, 6), (25, 20, 27, 34, 29, 30), (32, 2, 33, 28, 17, 36)), ((31, 24, 3, 4, 35, 5), (10, 26, 9, 19, 11, 12), (7, 13, 14, 21, 16, 18), (1, 8, 22, 15, 23, 6), (25, 20, 27, 28, 29, 30), (32, 2, 33, 34, 17, 36)), ((31, 24, 3, 4, 35, 5), (10, 26, 9, 19, 11, 12), (7, 13, 14, 21, 16, 18), (1, 8, 15, 22, 23, 6), (25, 20, 27, 28, 29, 30), (32, 2, 33, 34, 17, 36)), ((31, 24, 3, 4, 35, 5), (10, 26, 9, 19, 11, 12), (7, 13, 14, 15, 16, 18), (1, 8, 22, 21, 23, 6), (25, 20, 27, 28, 29, 30), (32, 2, 33, 34, 17, 36)), ((31, 24, 3, 4, 35, 5), (10, 26, 9, 19, 11, 12), (7, 13, 14, 15, 16, 18), (1, 8, 21, 22, 23, 6), (25, 20, 27, 28, 29, 30), (32, 2, 33, 34, 17, 36)), ((31, 24, 3, 4, 35, 5), (10, 26, 9, 19, 11, 12), (7, 13, 14, 15, 16, 18), (1, 8, 21, 22, 23, 6), (25, 20, 27, 28, 29, 30), (2, 32, 33, 34, 17, 36)), ((31, 24, 3, 4, 35, 5), (10, 26, 9, 19, 11, 12), (7, 13, 14, 15, 16, 18), (1, 8, 21, 22, 23, 6), (25, 20, 27, 28, 17, 30), (32, 2, 33, 34, 29, 36)), ((31, 24, 3, 4, 35, 5), (10, 26, 9, 19, 11, 12), (7, 13, 14, 15, 16, 18), (1, 8, 21, 22, 23, 6), (25, 2, 27, 28, 29, 30), (32, 20, 33, 34, 17, 36)), ((31, 24, 3, 4, 35, 5), (10, 26, 9, 19, 11, 12), (7, 13, 14, 15, 16, 18), (1, 20, 21, 22, 23, 6), (25, 8, 27, 28, 29, 30), (32, 2, 33, 34, 17, 36)), ((31, 24, 3, 4, 35, 5), (10, 26, 9, 19, 11, 12), (7, 13, 14, 15, 16, 6), (1, 8, 21, 22, 23, 18), (25, 20, 27, 28, 29, 30), (32, 2, 33, 34, 17, 36)), ((31, 24, 3, 4, 35, 5), (10, 26, 9, 19, 11, 12), (7, 13, 14, 16, 15, 18), (1, 8, 21, 22, 23, 6), (25, 20, 27, 28, 29, 30), (32, 2, 33, 34, 17, 36)), ((31, 24, 3, 4, 35, 5), (10, 26, 9, 19, 11, 12), (7, 13, 15, 14, 16, 18), (1, 8, 21, 22, 23, 6), (25, 20, 27, 28, 29, 30), (32, 2, 33, 34, 17, 36)), ((31, 24, 3, 4, 35, 5), (10, 26, 9, 19, 11, 12), (7, 14, 13, 15, 16, 18), (1, 8, 21, 22, 23, 6), (25, 20, 27, 28, 29, 30), (32, 2, 33, 34, 17, 36)), ((31, 24, 3, 4, 35, 5), (10, 26, 9, 19, 11, 12), (7, 8, 14, 15, 16, 18), (1, 13, 21, 22, 23, 6), (25, 20, 27, 28, 29, 30), (32, 2, 33, 34, 17, 36)), ((31, 24, 3, 4, 35, 5), (10, 8, 9, 19, 11, 12), (7, 26, 14, 15, 16, 18), (1, 13, 21, 22, 23, 6), (25, 20, 27, 28, 29, 30), (32, 2, 33, 34, 17, 36)), ((31, 24, 3, 4, 35, 5), (10, 8, 9, 19, 11, 12), (7, 13, 14, 15, 16, 18), (1, 26, 21, 22, 23, 6), (25, 20, 27, 28, 29, 30), (32, 2, 33, 34, 17, 36)), ((31, 24, 3, 4, 35, 5), (10, 8, 9, 19, 11, 12), (7, 13, 14, 15, 16, 18), (1, 20, 21, 22, 23, 6), (25, 26, 27, 28, 29, 30), (32, 2, 33, 34, 17, 36)), ((31, 24, 3, 4, 35, 5), (10, 8, 9, 19, 11, 12), (7, 13, 14, 15, 16, 18), (1, 20, 21, 22, 23, 6), (25, 26, 27, 28, 29, 30), (2, 32, 33, 34, 17, 36)), ((31, 24, 3, 4, 35, 5), (10, 8, 9, 19, 11, 12), (7, 13, 14, 15, 16, 18), (1, 20, 21, 22, 23, 6), (25, 26, 27, 28, 17, 30), (32, 2, 33, 34, 29, 36)), ((31, 24, 3, 4, 35, 5), (10, 8, 9, 19, 11, 12), (7, 13, 14, 15, 16, 18), (1, 20, 21, 22, 23, 6), (25, 2, 27, 28, 29, 30), (32, 26, 33, 34, 17, 36)), ((31, 24, 3, 4, 35, 5), (10, 8, 9, 19, 11, 12), (7, 13, 14, 15, 16, 6), (1, 20, 21, 22, 23, 18), (25, 26, 27, 28, 29, 30), (32, 2, 33, 34, 17, 36)), ((31, 24, 3, 4, 35, 5), (10, 8, 9, 19, 11, 12), (7, 13, 14, 16, 15, 18), (1, 20, 21, 22, 23, 6), (25, 26, 27, 28, 29, 30), (32, 2, 33, 34, 17, 36)), ((31, 24, 3, 4, 35, 5), (10, 8, 9, 19, 11, 12), (7, 13, 15, 14, 16, 18), (1, 20, 21, 22, 23, 6), (25, 26, 27, 28, 29, 30), (32, 2, 33, 34, 17, 36)), ((31, 24, 3, 4, 35, 5), (10, 8, 9, 19, 11, 12), (7, 14, 13, 15, 16, 18), (1, 20, 21, 22, 23, 6), (25, 26, 27, 28, 29, 30), (32, 2, 33, 34, 17, 36)), ((31, 24, 3, 4, 35, 5), (10, 8, 9, 19, 11, 12), (13, 7, 14, 15, 16, 18), (1, 20, 21, 22, 23, 6), (25, 26, 27, 28, 29, 30), (32, 2, 33, 34, 17, 36)), ((31, 24, 3, 4, 35, 5), (10, 8, 9, 19, 11, 12), (1, 13, 14, 15, 16, 18), (7, 20, 21, 22, 23, 6), (25, 26, 27, 28, 29, 30), (32, 2, 33, 34, 17, 36)), ((31, 24, 3, 4, 35, 5), (10, 8, 9, 15, 11, 12), (7, 13, 14, 19, 16, 18), (1, 20, 21, 22, 23, 6), (25, 26, 27, 28, 29, 30), (32, 2, 33, 34, 17, 36)), ((31, 24, 3, 4, 35, 5), (10, 8, 19, 9, 11, 12), (7, 13, 14, 15, 16, 18), (1, 20, 21, 22, 23, 6), (25, 26, 27, 28, 29, 30), (32, 2, 33, 34, 17, 36)), ((31, 24, 3, 4, 35, 5), (8, 10, 9, 19, 11, 12), (7, 13, 14, 15, 16, 18), (1, 20, 21, 22, 23, 6), (25, 26, 27, 28, 29, 30), (32, 2, 33, 34, 17, 36)), ((31, 24, 3, 4, 35, 5), (7, 8, 9, 19, 11, 12), (10, 13, 14, 15, 16, 18), (1, 20, 21, 22, 23, 6), (25, 26, 27, 28, 29, 30), (32, 2, 33, 34, 17, 36)), ((31, 24, 3, 4, 35, 5), (7, 8, 9, 19, 11, 12), (13, 10, 14, 15, 16, 18), (1, 20, 21, 22, 23, 6), (25, 26, 27, 28, 29, 30), (32, 2, 33, 34, 17, 36)), ((31, 24, 3, 4, 35, 5), (7, 8, 9, 19, 11, 12), (13, 14, 10, 15, 16, 18), (1, 20, 21, 22, 23, 6), (25, 26, 27, 28, 29, 30), (32, 2, 33, 34, 17, 36)), ((31, 24, 3, 4, 35, 5), (7, 8, 9, 19, 11, 12), (13, 14, 15, 10, 16, 18), (1, 20, 21, 22, 23, 6), (25, 26, 27, 28, 29, 30), (32, 2, 33, 34, 17, 36)), ((31, 24, 3, 4, 35, 5), (7, 8, 9, 10, 11, 12), (13, 14, 15, 19, 16, 18), (1, 20, 21, 22, 23, 6), (25, 26, 27, 28, 29, 30), (32, 2, 33, 34, 17, 36)), ((31, 24, 3, 4, 35, 5), (7, 8, 9, 10, 11, 12), (13, 14, 15, 19, 16, 18), (1, 20, 21, 22, 23, 6), (25, 26, 27, 28, 29, 30), (2, 32, 33, 34, 17, 36)), ((31, 24, 3, 4, 35, 5), (7, 8, 9, 10, 11, 12), (13, 14, 15, 19, 16, 18), (1, 20, 21, 22, 23, 6), (25, 26, 27, 28, 17, 30), (32, 2, 33, 34, 29, 36)), ((31, 24, 3, 4, 35, 5), (7, 8, 9, 10, 11, 12), (13, 14, 15, 19, 16, 18), (1, 20, 21, 22, 23, 6), (25, 2, 27, 28, 29, 30), (32, 26, 33, 34, 17, 36)), ((31, 24, 3, 4, 35, 5), (7, 8, 9, 10, 11, 12), (13, 14, 15, 19, 16, 6), (1, 20, 21, 22, 23, 18), (25, 26, 27, 28, 29, 30), (32, 2, 33, 34, 17, 36)), ((31, 24, 3, 4, 35, 5), (7, 8, 9, 10, 11, 12), (13, 14, 15, 16, 19, 18), (1, 20, 21, 22, 23, 6), (25, 26, 27, 28, 29, 30), (32, 2, 33, 34, 17, 36)), ((31, 24, 3, 4, 35, 5), (7, 8, 9, 10, 11, 12), (13, 14, 15, 22, 16, 18), (1, 20, 21, 19, 23, 6), (25, 26, 27, 28, 29, 30), (32, 2, 33, 34, 17, 36)), ((31, 24, 3, 4, 35, 5), (7, 8, 9, 10, 11, 12), (13, 14, 19, 15, 16, 18), (1, 20, 21, 22, 23, 6), (25, 26, 27, 28, 29, 30), (32, 2, 33, 34, 17, 36)), ((31, 24, 3, 4, 35, 5), (7, 8, 9, 10, 11, 12), (1, 14, 15, 19, 16, 18), (13, 20, 21, 22, 23, 6), (25, 26, 27, 28, 29, 30), (32, 2, 33, 34, 17, 36)), ((31, 24, 3, 4, 5, 35), (7, 8, 9, 10, 11, 12), (13, 14, 15, 19, 16, 18), (1, 20, 21, 22, 23, 6), (25, 26, 27, 28, 29, 30), (32, 2, 33, 34, 17, 36)), ((31, 24, 3, 4, 11, 5), (7, 8, 9, 10, 35, 12), (13, 14, 15, 19, 16, 18), (1, 20, 21, 22, 23, 6), (25, 26, 27, 28, 29, 30), (32, 2, 33, 34, 17, 36)), ((31, 3, 24, 4, 35, 5), (7, 8, 9, 10, 11, 12), (13, 14, 15, 19, 16, 18), (1, 20, 21, 22, 23, 6), (25, 26, 27, 28, 29, 30), (32, 2, 33, 34, 17, 36)), ((31, 8, 3, 4, 35, 5), (7, 24, 9, 10, 11, 12), (13, 14, 15, 19, 16, 18), (1, 20, 21, 22, 23, 6), (25, 26, 27, 28, 29, 30), (32, 2, 33, 34, 17, 36)), ((7, 24, 3, 4, 35, 5), (31, 8, 9, 10, 11, 12), (13, 14, 15, 19, 16, 18), (1, 20, 21, 22, 23, 6), (25, 26, 27, 28, 29, 30), (32, 2, 33, 34, 17, 36)), ((7, 24, 3, 4, 35, 5), (13, 8, 9, 10, 11, 12), (31, 14, 15, 19, 16, 18), (1, 20, 21, 22, 23, 6), (25, 26, 27, 28, 29, 30), (32, 2, 33, 34, 17, 36)), ((7, 24, 3, 4, 35, 5), (13, 8, 9, 10, 11, 12), (1, 14, 15, 19, 16, 18), (31, 20, 21, 22, 23, 6), (25, 26, 27, 28, 29, 30), (32, 2, 33, 34, 17, 36)), ((7, 24, 3, 4, 35, 5), (1, 8, 9, 10, 11, 12), (13, 14, 15, 19, 16, 18), (31, 20, 21, 22, 23, 6), (25, 26, 27, 28, 29, 30), (32, 2, 33, 34, 17, 36)), ((1, 24, 3, 4, 35, 5), (7, 8, 9, 10, 11, 12), (13, 14, 15, 19, 16, 18), (31, 20, 21, 22, 23, 6), (25, 26, 27, 28, 29, 30), (32, 2, 33, 34, 17, 36)), ((1, 24, 3, 4, 35, 5), (7, 8, 9, 10, 11, 12), (13, 14, 15, 19, 16, 18), (31, 20, 21, 22, 23, 6), (25, 26, 27, 28, 29, 30), (2, 32, 33, 34, 17, 36)), ((1, 24, 3, 4, 35, 5), (7, 8, 9, 10, 11, 12), (13, 14, 15, 19, 16, 18), (31, 20, 21, 22, 23, 6), (25, 26, 27, 28, 17, 30), (32, 2, 33, 34, 29, 36)), ((1, 24, 3, 4, 35, 5), (7, 8, 9, 10, 11, 12), (13, 14, 15, 19, 16, 18), (31, 20, 21, 22, 23, 6), (25, 2, 27, 28, 29, 30), (32, 26, 33, 34, 17, 36)), ((1, 24, 3, 4, 35, 5), (7, 8, 9, 10, 11, 12), (13, 14, 15, 19, 16, 18), (25, 20, 21, 22, 23, 6), (31, 26, 27, 28, 29, 30), (32, 2, 33, 34, 17, 36)), ((1, 24, 3, 4, 35, 5), (7, 8, 9, 10, 11, 12), (13, 14, 15, 19, 16, 6), (31, 20, 21, 22, 23, 18), (25, 26, 27, 28, 29, 30), (32, 2, 33, 34, 17, 36)), ((1, 24, 3, 4, 35, 5), (7, 8, 9, 10, 11, 12), (13, 14, 15, 16, 19, 18), (31, 20, 21, 22, 23, 6), (25, 26, 27, 28, 29, 30), (32, 2, 33, 34, 17, 36)), ((1, 24, 3, 4, 35, 5), (7, 8, 9, 10, 11, 12), (13, 14, 15, 22, 16, 18), (31, 20, 21, 19, 23, 6), (25, 26, 27, 28, 29, 30), (32, 2, 33, 34, 17, 36)), ((1, 24, 3, 4, 35, 5), (7, 8, 9, 10, 11, 12), (13, 14, 19, 15, 16, 18), (31, 20, 21, 22, 23, 6), (25, 26, 27, 28, 29, 30), (32, 2, 33, 34, 17, 36)), ((1, 24, 3, 4, 5, 35), (7, 8, 9, 10, 11, 12), (13, 14, 15, 19, 16, 18), (31, 20, 21, 22, 23, 6), (25, 26, 27, 28, 29, 30), (32, 2, 33, 34, 17, 36)), ((1, 24, 3, 4, 11, 5), (7, 8, 9, 10, 35, 12), (13, 14, 15, 19, 16, 18), (31, 20, 21, 22, 23, 6), (25, 26, 27, 28, 29, 30), (32, 2, 33, 34, 17, 36)), ((1, 3, 24, 4, 35, 5), (7, 8, 9, 10, 11, 12), (13, 14, 15, 19, 16, 18), (31, 20, 21, 22, 23, 6), (25, 26, 27, 28, 29, 30), (32, 2, 33, 34, 17, 36)), ((1, 8, 3, 4, 35, 5), (7, 24, 9, 10, 11, 12), (13, 14, 15, 19, 16, 18), (31, 20, 21, 22, 23, 6), (25, 26, 27, 28, 29, 30), (32, 2, 33, 34, 17, 36)), ((1, 8, 3, 4, 35, 5), (7, 9, 24, 10, 11, 12), (13, 14, 15, 19, 16, 18), (31, 20, 21, 22, 23, 6), (25, 26, 27, 28, 29, 30), (32, 2, 33, 34, 17, 36)), ((1, 8, 3, 4, 35, 5), (7, 14, 9, 10, 11, 12), (13, 24, 15, 19, 16, 18), (31, 20, 21, 22, 23, 6), (25, 26, 27, 28, 29, 30), (32, 2, 33, 34, 17, 36)), ((1, 3, 4, 24, 35, 5), (7, 8, 9, 10, 11, 12), (13, 14, 15, 19, 16, 18), (31, 20, 21, 22, 23, 6), (25, 26, 27, 28, 29, 30), (32, 2, 33, 34, 17, 36)), ((1, 3, 9, 4, 35, 5), (7, 8, 24, 10, 11, 12), (13, 14, 15, 19, 16, 18), (31, 20, 21, 22, 23, 6), (25, 26, 27, 28, 29, 30), (32, 2, 33, 34, 17, 36)), ((1, 24, 3, 4, 11, 5), (7, 8, 9, 10, 16, 12), (13, 14, 15, 19, 35, 18), (31, 20, 21, 22, 23, 6), (25, 26, 27, 28, 29, 30), (32, 2, 33, 34, 17, 36)), ((1, 24, 3, 4, 5, 11), (7, 8, 9, 10, 35, 12), (13, 14, 15, 19, 16, 18), (31, 20, 21, 22, 23, 6), (25, 26, 27, 28, 29, 30), (32, 2, 33, 34, 17, 36)), ((1, 3, 24, 4, 11, 5), (7, 8, 9, 10, 35, 12), (13, 14, 15, 19, 16, 18), (31, 20, 21, 22, 23, 6), (25, 26, 27, 28, 29, 30), (32, 2, 33, 34, 17, 36)), ((1, 8, 3, 4, 11, 5), (7, 24, 9, 10, 35, 12), (13, 14, 15, 19, 16, 18), (31, 20, 21, 22, 23, 6), (25, 26, 27, 28, 29, 30), (32, 2, 33, 34, 17, 36)), ((1, 24, 3, 4, 5, 12), (7, 8, 9, 10, 11, 35), (13, 14, 15, 19, 16, 18), (31, 20, 21, 22, 23, 6), (25, 26, 27, 28, 29, 30), (32, 2, 33, 34, 17, 36)), ((1, 3, 24, 4, 5, 35), (7, 8, 9, 10, 11, 12), (13, 14, 15, 19, 16, 18), (31, 20, 21, 22, 23, 6), (25, 26, 27, 28, 29, 30), (32, 2, 33, 34, 17, 36)), ((1, 8, 3, 4, 5, 35), (7, 24, 9, 10, 11, 12), (13, 14, 15, 19, 16, 18), (31, 20, 21, 22, 23, 6), (25, 26, 27, 28, 29, 30), (32, 2, 33, 34, 17, 36)), ((1, 24, 3, 4, 35, 5), (7, 8, 9, 10, 11, 12), (13, 14, 19, 16, 15, 18), (31, 20, 21, 22, 23, 6), (25, 26, 27, 28, 29, 30), (32, 2, 33, 34, 17, 36)), ((1, 24, 3, 4, 35, 5), (7, 8, 9, 10, 11, 12), (13, 14, 21, 15, 16, 18), (31, 20, 19, 22, 23, 6), (25, 26, 27, 28, 29, 30), (32, 2, 33, 34, 17, 36)), ((1, 24, 3, 4, 35, 5), (7, 8, 9, 10, 11, 12), (13, 19, 14, 15, 16, 18), (31, 20, 21, 22, 23, 6), (25, 26, 27, 28, 29, 30), (32, 2, 33, 34, 17, 36)), ((1, 24, 3, 4, 5, 35), (7, 8, 9, 10, 11, 12), (13, 14, 19, 15, 16, 18), (31, 20, 21, 22, 23, 6), (25, 26, 27, 28, 29, 30), (32, 2, 33, 34, 17, 36)), ((1, 24, 3, 4, 11, 5), (7, 8, 9, 10, 35, 12), (13, 14, 19, 15, 16, 18), (31, 20, 21, 22, 23, 6), (25, 26, 27, 28, 29, 30), (32, 2, 33, 34, 17, 36)), ((1, 3, 24, 4, 35, 5), (7, 8, 9, 10, 11, 12), (13, 14, 19, 15, 16, 18), (31, 20, 21, 22, 23, 6), (25, 26, 27, 28, 29, 30), (32, 2, 33, 34, 17, 36)), ((1, 8, 3, 4, 35, 5), (7, 24, 9, 10, 11, 12), (13, 14, 19, 15, 16, 18), (31, 20, 21, 22, 23, 6), (25, 26, 27, 28, 29, 30), (32, 2, 33, 34, 17, 36)), ((1, 24, 3, 4, 35, 5), (7, 8, 9, 10, 11, 12), (13, 14, 15, 22, 16, 18), (31, 20, 19, 21, 23, 6), (25, 26, 27, 28, 29, 30), (32, 2, 33, 34, 17, 36)), ((1, 24, 3, 4, 35, 5), (7, 8, 9, 10, 11, 12), (13, 14, 15, 16, 22, 18), (31, 20, 21, 19, 23, 6), (25, 26, 27, 28, 29, 30), (32, 2, 33, 34, 17, 36)), ((1, 24, 3, 4, 5, 35), (7, 8, 9, 10, 11, 12), (13, 14, 15, 22, 16, 18), (31, 20, 21, 19, 23, 6), (25, 26, 27, 28, 29, 30), (32, 2, 33, 34, 17, 36)), ((1, 24, 3, 4, 11, 5), (7, 8, 9, 10, 35, 12), (13, 14, 15, 22, 16, 18), (31, 20, 21, 19, 23, 6), (25, 26, 27, 28, 29, 30), (32, 2, 33, 34, 17, 36)), ((1, 3, 24, 4, 35, 5), (7, 8, 9, 10, 11, 12), (13, 14, 15, 22, 16, 18), (31, 20, 21, 19, 23, 6), (25, 26, 27, 28, 29, 30), (32, 2, 33, 34, 17, 36)), ((1, 8, 3, 4, 35, 5), (7, 24, 9, 10, 11, 12), (13, 14, 15, 22, 16, 18), (31, 20, 21, 19, 23, 6), (25, 26, 27, 28, 29, 30), (32, 2, 33, 34, 17, 36)), ((1, 24, 3, 4, 35, 5), (7, 8, 9, 10, 11, 12), (13, 14, 15, 16, 23, 18), (31, 20, 21, 22, 19, 6), (25, 26, 27, 28, 29, 30), (32, 2, 33, 34, 17, 36)), ((1, 24, 3, 4, 5, 35), (7, 8, 9, 10, 11, 12), (13, 14, 15, 16, 19, 18), (31, 20, 21, 22, 23, 6), (25, 26, 27, 28, 29, 30), (32, 2, 33, 34, 17, 36)), ((1, 24, 3, 4, 11, 5), (7, 8, 9, 10, 35, 12), (13, 14, 15, 16, 19, 18), (31, 20, 21, 22, 23, 6), (25, 26, 27, 28, 29, 30), (32, 2, 33, 34, 17, 36)), ((1, 3, 24, 4, 35, 5), (7, 8, 9, 10, 11, 12), (13, 14, 15, 16, 19, 18), (31, 20, 21, 22, 23, 6), (25, 26, 27, 28, 29, 30), (32, 2, 33, 34, 17, 36)), ((1, 8, 3, 4, 35, 5), (7, 24, 9, 10, 11, 12), (13, 14, 15, 16, 19, 18), (31, 20, 21, 22, 23, 6), (25, 26, 27, 28, 29, 30), (32, 2, 33, 34, 17, 36)), ((1, 24, 3, 4, 35, 5), (7, 8, 9, 10, 11, 12), (13, 14, 15, 16, 19, 6), (31, 20, 21, 22, 23, 18), (25, 26, 27, 28, 29, 30), (32, 2, 33, 34, 17, 36)), ((1, 24, 3, 4, 35, 5), (7, 8, 9, 10, 11, 12), (13, 14, 15, 22, 16, 6), (31, 20, 21, 19, 23, 18), (25, 26, 27, 28, 29, 30), (32, 2, 33, 34, 17, 36)), ((1, 24, 3, 4, 35, 5), (7, 8, 9, 10, 11, 12), (13, 14, 19, 15, 16, 6), (31, 20, 21, 22, 23, 18), (25, 26, 27, 28, 29, 30), (32, 2, 33, 34, 17, 36)), ((1, 24, 3, 4, 35, 5), (7, 8, 9, 10, 11, 6), (13, 14, 15, 19, 16, 12), (31, 20, 21, 22, 23, 18), (25, 26, 27, 28, 29, 30), (32, 2, 33, 34, 17, 36)), ((1, 24, 3, 4, 5, 35), (7, 8, 9, 10, 11, 12), (13, 14, 15, 19, 16, 6), (31, 20, 21, 22, 23, 18), (25, 26, 27, 28, 29, 30), (32, 2, 33, 34, 17, 36)), ((1, 24, 3, 4, 11, 5), (7, 8, 9, 10, 35, 12), (13, 14, 15, 19, 16, 6), (31, 20, 21, 22, 23, 18), (25, 26, 27, 28, 29, 30), (32, 2, 33, 34, 17, 36)), ((1, 3, 24, 4, 35, 5), (7, 8, 9, 10, 11, 12), (13, 14, 15, 19, 16, 6), (31, 20, 21, 22, 23, 18), (25, 26, 27, 28, 29, 30), (32, 2, 33, 34, 17, 36)), ((1, 8, 3, 4, 35, 5), (7, 24, 9, 10, 11, 12), (13, 14, 15, 19, 16, 6), (31, 20, 21, 22, 23, 18), (25, 26, 27, 28, 29, 30), (32, 2, 33, 34, 17, 36)), ((1, 24, 3, 4, 35, 5), (7, 8, 9, 10, 11, 12), (13, 14, 15, 19, 16, 18), (25, 20, 21, 22, 23, 6), (32, 26, 27, 28, 29, 30), (31, 2, 33, 34, 17, 36)), ((1, 24, 3, 4, 35, 5), (7, 8, 9, 10, 11, 12), (13, 14, 15, 19, 16, 6), (25, 20, 21, 22, 23, 18), (31, 26, 27, 28, 29, 30), (32, 2, 33, 34, 17, 36)), ((1, 24, 3, 4, 35, 5), (7, 8, 9, 10, 11, 12), (13, 14, 15, 16, 19, 18), (25, 20, 21, 22, 23, 6), (31, 26, 27, 28, 29, 30), (32, 2, 33, 34, 17, 36)), ((1, 24, 3, 4, 35, 5), (7, 8, 9, 10, 11, 12), (13, 14, 15, 22, 16, 18), (25, 20, 21, 19, 23, 6), (31, 26, 27, 28, 29, 30), (32, 2, 33, 34, 17, 36)), ((1, 24, 3, 4, 35, 5), (7, 8, 9, 10, 11, 12), (13, 14, 19, 15, 16, 18), (25, 20, 21, 22, 23, 6), (31, 26, 27, 28, 29, 30), (32, 2, 33, 34, 17, 36)), ((1, 24, 3, 4, 5, 35), (7, 8, 9, 10, 11, 12), (13, 14, 15, 19, 16, 18), (25, 20, 21, 22, 23, 6), (31, 26, 27, 28, 29, 30), (32, 2, 33, 34, 17, 36)), ((1, 24, 3, 4, 11, 5), (7, 8, 9, 10, 35, 12), (13, 14, 15, 19, 16, 18), (25, 20, 21, 22, 23, 6), (31, 26, 27, 28, 29, 30), (32, 2, 33, 34, 17, 36)), ((1, 3, 24, 4, 35, 5), (7, 8, 9, 10, 11, 12), (13, 14, 15, 19, 16, 18), (25, 20, 21, 22, 23, 6), (31, 26, 27, 28, 29, 30), (32, 2, 33, 34, 17, 36)), ((1, 8, 3, 4, 35, 5), (7, 24, 9, 10, 11, 12), (13, 14, 15, 19, 16, 18), (25, 20, 21, 22, 23, 6), (31, 26, 27, 28, 29, 30), (32, 2, 33, 34, 17, 36)), ((1, 24, 3, 4, 35, 5), (7, 8, 9, 10, 11, 12), (13, 14, 15, 19, 16, 18), (31, 20, 21, 22, 23, 6), (25, 2, 27, 28, 29, 30), (26, 32, 33, 34, 17, 36)), ((1, 24, 3, 4, 35, 5), (7, 8, 9, 10, 11, 12), (13, 14, 15, 19, 16, 18), (31, 2, 21, 22, 23, 6), (25, 20, 27, 28, 29, 30), (32, 26, 33, 34, 17, 36)), ((1, 24, 3, 4, 35, 5), (7, 8, 9, 10, 11, 12), (13, 14, 15, 19, 16, 18), (25, 20, 21, 22, 23, 6), (31, 2, 27, 28, 29, 30), (32, 26, 33, 34, 17, 36)), ((1, 24, 3, 4, 35, 5), (7, 8, 9, 10, 11, 12), (13, 14, 15, 19, 16, 6), (31, 20, 21, 22, 23, 18), (25, 2, 27, 28, 29, 30), (32, 26, 33, 34, 17, 36)), ((1, 24, 3, 4, 35, 5), (7, 8, 9, 10, 11, 12), (13, 14, 15, 16, 19, 18), (31, 20, 21, 22, 23, 6), (25, 2, 27, 28, 29, 30), (32, 26, 33, 34, 17, 36)), ((1, 24, 3, 4, 35, 5), (7, 8, 9, 10, 11, 12), (13, 14, 15, 22, 16, 18), (31, 20, 21, 19, 23, 6), (25, 2, 27, 28, 29, 30), (32, 26, 33, 34, 17, 36)), ((1, 24, 3, 4, 35, 5), (7, 8, 9, 10, 11, 12), (13, 14, 19, 15, 16, 18), (31, 20, 21, 22, 23, 6), (25, 2, 27, 28, 29, 30), (32, 26, 33, 34, 17, 36)), ((1, 24, 3, 4, 5, 35), (7, 8, 9, 10, 11, 12), (13, 14, 15, 19, 16, 18), (31, 20, 21, 22, 23, 6), (25, 2, 27, 28, 29, 30), (32, 26, 33, 34, 17, 36)), ((1, 24, 3, 4, 11, 5), (7, 8, 9, 10, 35, 12), (13, 14, 15, 19, 16, 18), (31, 20, 21, 22, 23, 6), (25, 2, 27, 28, 29, 30), (32, 26, 33, 34, 17, 36)), ((1, 3, 24, 4, 35, 5), (7, 8, 9, 10, 11, 12), (13, 14, 15, 19, 16, 18), (31, 20, 21, 22, 23, 6), (25, 2, 27, 28, 29, 30), (32, 26, 33, 34, 17, 36)), ((1, 8, 3, 4, 35, 5), (7, 24, 9, 10, 11, 12), (13, 14, 15, 19, 16, 18), (31, 20, 21, 22, 23, 6), (25, 2, 27, 28, 29, 30), (32, 26, 33, 34, 17, 36)), ((1, 24, 3, 4, 35, 5), (7, 8, 9, 10, 11, 12), (13, 14, 15, 19, 16, 18), (31, 20, 21, 22, 23, 6), (25, 2, 27, 28, 17, 30), (32, 26, 33, 34, 29, 36)), ((1, 24, 3, 4, 35, 5), (7, 8, 9, 10, 11, 12), (13, 14, 15, 19, 16, 18), (31, 20, 21, 22, 17, 6), (25, 26, 27, 28, 23, 30), (32, 2, 33, 34, 29, 36)), ((1, 24, 3, 4, 35, 5), (7, 8, 9, 10, 11, 12), (13, 14, 15, 19, 16, 18), (25, 20, 21, 22, 23, 6), (31, 26, 27, 28, 17, 30), (32, 2, 33, 34, 29, 36)), ((1, 24, 3, 4, 35, 5), (7, 8, 9, 10, 11, 12), (13, 14, 15, 19, 16, 6), (31, 20, 21, 22, 23, 18), (25, 26, 27, 28, 17, 30), (32, 2, 33, 34, 29, 36)), ((1, 24, 3, 4, 35, 5), (7, 8, 9, 10, 11, 12), (13, 14, 15, 16, 19, 18), (31, 20, 21, 22, 23, 6), (25, 26, 27, 28, 17, 30), (32, 2, 33, 34, 29, 36)), ((1, 24, 3, 4, 35, 5), (7, 8, 9, 10, 11, 12), (13, 14, 15, 22, 16, 18), (31, 20, 21, 19, 23, 6), (25, 26, 27, 28, 17, 30), (32, 2, 33, 34, 29, 36)), ((1, 24, 3, 4, 35, 5), (7, 8, 9, 10, 11, 12), (13, 14, 19, 15, 16, 18), (31, 20, 21, 22, 23, 6), (25, 26, 27, 28, 17, 30), (32, 2, 33, 34, 29, 36)), ((1, 24, 3, 4, 5, 35), (7, 8, 9, 10, 11, 12), (13, 14, 15, 19, 16, 18), (31, 20, 21, 22, 23, 6), (25, 26, 27, 28, 17, 30), (32, 2, 33, 34, 29, 36)), ((1, 24, 3, 4, 11, 5), (7, 8, 9, 10, 35, 12), (13, 14, 15, 19, 16, 18), (31, 20, 21, 22, 23, 6), (25, 26, 27, 28, 17, 30), (32, 2, 33, 34, 29, 36)), ((1, 3, 24, 4, 35, 5), (7, 8, 9, 10, 11, 12), (13, 14, 15, 19, 16, 18), (31, 20, 21, 22, 23, 6), (25, 26, 27, 28, 17, 30), (32, 2, 33, 34, 29, 36)), ((1, 8, 3, 4, 35, 5), (7, 24, 9, 10, 11, 12), (13, 14, 15, 19, 16, 18), (31, 20, 21, 22, 23, 6), (25, 26, 27, 28, 17, 30), (32, 2, 33, 34, 29, 36)), ((1, 24, 3, 4, 35, 5), (7, 8, 9, 10, 11, 12), (13, 14, 15, 19, 16, 18), (31, 20, 21, 22, 23, 6), (25, 26, 27, 28, 17, 30), (2, 32, 33, 34, 29, 36)), ((1, 24, 3, 4, 35, 5), (7, 8, 9, 10, 11, 12), (13, 14, 15, 19, 16, 18), (31, 20, 21, 22, 23, 6), (2, 26, 27, 28, 29, 30), (25, 32, 33, 34, 17, 36)), ((1, 24, 3, 4, 35, 5), (7, 8, 9, 10, 11, 12), (13, 14, 15, 19, 16, 18), (2, 20, 21, 22, 23, 6), (31, 26, 27, 28, 29, 30), (25, 32, 33, 34, 17, 36)), ((1, 24, 3, 4, 35, 5), (7, 8, 9, 10, 11, 12), (13, 14, 15, 19, 16, 18), (2, 20, 21, 22, 23, 6), (25, 26, 27, 28, 29, 30), (31, 32, 33, 34, 17, 36)), ((1, 24, 3, 4, 35, 5), (7, 8, 9, 10, 11, 12), (13, 14, 15, 19, 16, 18), (2, 20, 21, 22, 23, 6), (25, 26, 27, 28, 17, 30), (31, 32, 33, 34, 29, 36)), ((1, 24, 3, 4, 35, 5), (7, 8, 9, 10, 11, 12), (13, 14, 15, 19, 16, 18), (20, 2, 21, 22, 23, 6), (25, 26, 27, 28, 29, 30), (31, 32, 33, 34, 17, 36)), ((1, 24, 3, 4, 35, 5), (7, 8, 9, 10, 11, 12), (13, 14, 15, 19, 16, 6), (2, 20, 21, 22, 23, 18), (25, 26, 27, 28, 29, 30), (31, 32, 33, 34, 17, 36)), ((1, 24, 3, 4, 35, 5), (7, 8, 9, 10, 11, 12), (13, 14, 15, 16, 19, 18), (2, 20, 21, 22, 23, 6), (25, 26, 27, 28, 29, 30), (31, 32, 33, 34, 17, 36)), ((1, 24, 3, 4, 35, 5), (7, 8, 9, 10, 11, 12), (13, 14, 15, 22, 16, 18), (2, 20, 21, 19, 23, 6), (25, 26, 27, 28, 29, 30), (31, 32, 33, 34, 17, 36)), ((1, 24, 3, 4, 35, 5), (7, 8, 9, 10, 11, 12), (13, 14, 19, 15, 16, 18), (2, 20, 21, 22, 23, 6), (25, 26, 27, 28, 29, 30), (31, 32, 33, 34, 17, 36)), ((1, 24, 3, 4, 35, 5), (7, 8, 9, 10, 11, 12), (2, 14, 15, 19, 16, 18), (13, 20, 21, 22, 23, 6), (25, 26, 27, 28, 29, 30), (31, 32, 33, 34, 17, 36)), ((1, 24, 3, 4, 5, 35), (7, 8, 9, 10, 11, 12), (13, 14, 15, 19, 16, 18), (2, 20, 21, 22, 23, 6), (25, 26, 27, 28, 29, 30), (31, 32, 33, 34, 17, 36)), ((1, 24, 3, 4, 11, 5), (7, 8, 9, 10, 35, 12), (13, 14, 15, 19, 16, 18), (2, 20, 21, 22, 23, 6), (25, 26, 27, 28, 29, 30), (31, 32, 33, 34, 17, 36)), ((1, 3, 24, 4, 35, 5), (7, 8, 9, 10, 11, 12), (13, 14, 15, 19, 16, 18), (2, 20, 21, 22, 23, 6), (25, 26, 27, 28, 29, 30), (31, 32, 33, 34, 17, 36)), ((1, 8, 3, 4, 35, 5), (7, 24, 9, 10, 11, 12), (13, 14, 15, 19, 16, 18), (2, 20, 21, 22, 23, 6), (25, 26, 27, 28, 29, 30), (31, 32, 33, 34, 17, 36)), ((1, 8, 3, 4, 35, 5), (7, 9, 24, 10, 11, 12), (13, 14, 15, 19, 16, 18), (2, 20, 21, 22, 23, 6), (25, 26, 27, 28, 29, 30), (31, 32, 33, 34, 17, 36)), ((1, 8, 3, 4, 35, 5), (7, 14, 9, 10, 11, 12), (13, 24, 15, 19, 16, 18), (2, 20, 21, 22, 23, 6), (25, 26, 27, 28, 29, 30), (31, 32, 33, 34, 17, 36)), ((1, 3, 4, 24, 35, 5), (7, 8, 9, 10, 11, 12), (13, 14, 15, 19, 16, 18), (2, 20, 21, 22, 23, 6), (25, 26, 27, 28, 29, 30), (31, 32, 33, 34, 17, 36)), ((1, 3, 9, 4, 35, 5), (7, 8, 24, 10, 11, 12), (13, 14, 15, 19, 16, 18), (2, 20, 21, 22, 23, 6), (25, 26, 27, 28, 29, 30), (31, 32, 33, 34, 17, 36)), ((1, 24, 3, 4, 11, 5), (7, 8, 9, 10, 16, 12), (13, 14, 15, 19, 35, 18), (2, 20, 21, 22, 23, 6), (25, 26, 27, 28, 29, 30), (31, 32, 33, 34, 17, 36)), ((1, 24, 3, 4, 5, 11), (7, 8, 9, 10, 35, 12), (13, 14, 15, 19, 16, 18), (2, 20, 21, 22, 23, 6), (25, 26, 27, 28, 29, 30), (31, 32, 33, 34, 17, 36)), ((1, 3, 24, 4, 11, 5), (7, 8, 9, 10, 35, 12), (13, 14, 15, 19, 16, 18), (2, 20, 21, 22, 23, 6), (25, 26, 27, 28, 29, 30), (31, 32, 33, 34, 17, 36)), ((1, 8, 3, 4, 11, 5), (7, 24, 9, 10, 35, 12), (13, 14, 15, 19, 16, 18), (2, 20, 21, 22, 23, 6), (25, 26, 27, 28, 29, 30), (31, 32, 33, 34, 17, 36)), ((1, 24, 3, 4, 5, 12), (7, 8, 9, 10, 11, 35), (13, 14, 15, 19, 16, 18), (2, 20, 21, 22, 23, 6), (25, 26, 27, 28, 29, 30), (31, 32, 33, 34, 17, 36)), ((1, 3, 24, 4, 5, 35), (7, 8, 9, 10, 11, 12), (13, 14, 15, 19, 16, 18), (2, 20, 21, 22, 23, 6), (25, 26, 27, 28, 29, 30), (31, 32, 33, 34, 17, 36)), ((1, 8, 3, 4, 5, 35), (7, 24, 9, 10, 11, 12), (13, 14, 15, 19, 16, 18), (2, 20, 21, 22, 23, 6), (25, 26, 27, 28, 29, 30), (31, 32, 33, 34, 17, 36)), ((1, 24, 3, 4, 35, 5), (7, 8, 9, 10, 11, 12), (14, 2, 15, 19, 16, 18), (13, 20, 21, 22, 23, 6), (25, 26, 27, 28, 29, 30), (31, 32, 33, 34, 17, 36)), ((1, 24, 3, 4, 35, 5), (2, 8, 9, 10, 11, 12), (7, 14, 15, 19, 16, 18), (13, 20, 21, 22, 23, 6), (25, 26, 27, 28, 29, 30), (31, 32, 33, 34, 17, 36)), ((1, 24, 3, 4, 5, 35), (7, 8, 9, 10, 11, 12), (2, 14, 15, 19, 16, 18), (13, 20, 21, 22, 23, 6), (25, 26, 27, 28, 29, 30), (31, 32, 33, 34, 17, 36)), ((1, 24, 3, 4, 11, 5), (7, 8, 9, 10, 35, 12), (2, 14, 15, 19, 16, 18), (13, 20, 21, 22, 23, 6), (25, 26, 27, 28, 29, 30), (31, 32, 33, 34, 17, 36)), ((1, 3, 24, 4, 35, 5), (7, 8, 9, 10, 11, 12), (2, 14, 15, 19, 16, 18), (13, 20, 21, 22, 23, 6), (25, 26, 27, 28, 29, 30), (31, 32, 33, 34, 17, 36)), ((1, 8, 3, 4, 35, 5), (7, 24, 9, 10, 11, 12), (2, 14, 15, 19, 16, 18), (13, 20, 21, 22, 23, 6), (25, 26, 27, 28, 29, 30), (31, 32, 33, 34, 17, 36)), ((1, 24, 3, 4, 35, 5), (7, 8, 9, 10, 11, 12), (13, 14, 19, 16, 15, 18), (2, 20, 21, 22, 23, 6), (25, 26, 27, 28, 29, 30), (31, 32, 33, 34, 17, 36)), ((1, 24, 3, 4, 35, 5), (7, 8, 9, 10, 11, 12), (13, 14, 21, 15, 16, 18), (2, 20, 19, 22, 23, 6), (25, 26, 27, 28, 29, 30), (31, 32, 33, 34, 17, 36)), ((1, 24, 3, 4, 35, 5), (7, 8, 9, 10, 11, 12), (13, 19, 14, 15, 16, 18), (2, 20, 21, 22, 23, 6), (25, 26, 27, 28, 29, 30), (31, 32, 33, 34, 17, 36)), ((1, 24, 3, 4, 35, 5), (7, 8, 9, 10, 11, 12), (2, 14, 19, 15, 16, 18), (13, 20, 21, 22, 23, 6), (25, 26, 27, 28, 29, 30), (31, 32, 33, 34, 17, 36)), ((1, 24, 3, 4, 5, 35), (7, 8, 9, 10, 11, 12), (13, 14, 19, 15, 16, 18), (2, 20, 21, 22, 23, 6), (25, 26, 27, 28, 29, 30), (31, 32, 33, 34, 17, 36)), ((1, 24, 3, 4, 11, 5), (7, 8, 9, 10, 35, 12), (13, 14, 19, 15, 16, 18), (2, 20, 21, 22, 23, 6), (25, 26, 27, 28, 29, 30), (31, 32, 33, 34, 17, 36)), ((1, 3, 24, 4, 35, 5), (7, 8, 9, 10, 11, 12), (13, 14, 19, 15, 16, 18), (2, 20, 21, 22, 23, 6), (25, 26, 27, 28, 29, 30), (31, 32, 33, 34, 17, 36)), ((1, 8, 3, 4, 35, 5), (7, 24, 9, 10, 11, 12), (13, 14, 19, 15, 16, 18), (2, 20, 21, 22, 23, 6), (25, 26, 27, 28, 29, 30), (31, 32, 33, 34, 17, 36)), ((1, 24, 3, 4, 35, 5), (7, 8, 9, 10, 11, 12), (13, 14, 15, 22, 16, 18), (2, 20, 19, 21, 23, 6), (25, 26, 27, 28, 29, 30), (31, 32, 33, 34, 17, 36)), ((1, 24, 3, 4, 35, 5), (7, 8, 9, 10, 11, 12), (13, 14, 15, 16, 22, 18), (2, 20, 21, 19, 23, 6), (25, 26, 27, 28, 29, 30), (31, 32, 33, 34, 17, 36)), ((1, 24, 3, 4, 35, 5), (7, 8, 9, 10, 11, 12), (2, 14, 15, 22, 16, 18), (13, 20, 21, 19, 23, 6), (25, 26, 27, 28, 29, 30), (31, 32, 33, 34, 17, 36)), ((1, 24, 3, 4, 5, 35), (7, 8, 9, 10, 11, 12), (13, 14, 15, 22, 16, 18), (2, 20, 21, 19, 23, 6), (25, 26, 27, 28, 29, 30), (31, 32, 33, 34, 17, 36)), ((1, 24, 3, 4, 11, 5), (7, 8, 9, 10, 35, 12), (13, 14, 15, 22, 16, 18), (2, 20, 21, 19, 23, 6), (25, 26, 27, 28, 29, 30), (31, 32, 33, 34, 17, 36)), ((1, 3, 24, 4, 35, 5), (7, 8, 9, 10, 11, 12), (13, 14, 15, 22, 16, 18), (2, 20, 21, 19, 23, 6), (25, 26, 27, 28, 29, 30), (31, 32, 33, 34, 17, 36)), ((1, 8, 3, 4, 35, 5), (7, 24, 9, 10, 11, 12), (13, 14, 15, 22, 16, 18), (2, 20, 21, 19, 23, 6), (25, 26, 27, 28, 29, 30), (31, 32, 33, 34, 17, 36)), ((1, 24, 3, 4, 35, 5), (7, 8, 9, 10, 11, 12), (13, 14, 15, 16, 23, 18), (2, 20, 21, 22, 19, 6), (25, 26, 27, 28, 29, 30), (31, 32, 33, 34, 17, 36)), ((1, 24, 3, 4, 35, 5), (7, 8, 9, 10, 11, 12), (2, 14, 15, 16, 19, 18), (13, 20, 21, 22, 23, 6), (25, 26, 27, 28, 29, 30), (31, 32, 33, 34, 17, 36)), ((1, 24, 3, 4, 5, 35), (7, 8, 9, 10, 11, 12), (13, 14, 15, 16, 19, 18), (2, 20, 21, 22, 23, 6), (25, 26, 27, 28, 29, 30), (31, 32, 33, 34, 17, 36)), ((1, 24, 3, 4, 11, 5), (7, 8, 9, 10, 35, 12), (13, 14, 15, 16, 19, 18), (2, 20, 21, 22, 23, 6), (25, 26, 27, 28, 29, 30), (31, 32, 33, 34, 17, 36)), ((1, 3, 24, 4, 35, 5), (7, 8, 9, 10, 11, 12), (13, 14, 15, 16, 19, 18), (2, 20, 21, 22, 23, 6), (25, 26, 27, 28, 29, 30), (31, 32, 33, 34, 17, 36)), ((1, 8, 3, 4, 35, 5), (7, 24, 9, 10, 11, 12), (13, 14, 15, 16, 19, 18), (2, 20, 21, 22, 23, 6), (25, 26, 27, 28, 29, 30), (31, 32, 33, 34, 17, 36)), ((1, 24, 3, 4, 35, 5), (7, 8, 9, 10, 11, 12), (13, 14, 15, 16, 19, 6), (2, 20, 21, 22, 23, 18), (25, 26, 27, 28, 29, 30), (31, 32, 33, 34, 17, 36)), ((1, 24, 3, 4, 35, 5), (7, 8, 9, 10, 11, 12), (13, 14, 15, 22, 16, 6), (2, 20, 21, 19, 23, 18), (25, 26, 27, 28, 29, 30), (31, 32, 33, 34, 17, 36)), ((1, 24, 3, 4, 35, 5), (7, 8, 9, 10, 11, 12), (13, 14, 19, 15, 16, 6), (2, 20, 21, 22, 23, 18), (25, 26, 27, 28, 29, 30), (31, 32, 33, 34, 17, 36)), ((1, 24, 3, 4, 35, 5), (7, 8, 9, 10, 11, 12), (2, 14, 15, 19, 16, 6), (13, 20, 21, 22, 23, 18), (25, 26, 27, 28, 29, 30), (31, 32, 33, 34, 17, 36)), ((1, 24, 3, 4, 35, 5), (7, 8, 9, 10, 11, 6), (13, 14, 15, 19, 16, 12), (2, 20, 21, 22, 23, 18), (25, 26, 27, 28, 29, 30), (31, 32, 33, 34, 17, 36)), ((1, 24, 3, 4, 5, 35), (7, 8, 9, 10, 11, 12), (13, 14, 15, 19, 16, 6), (2, 20, 21, 22, 23, 18), (25, 26, 27, 28, 29, 30), (31, 32, 33, 34, 17, 36)), ((1, 24, 3, 4, 11, 5), (7, 8, 9, 10, 35, 12), (13, 14, 15, 19, 16, 6), (2, 20, 21, 22, 23, 18), (25, 26, 27, 28, 29, 30), (31, 32, 33, 34, 17, 36)), ((1, 3, 24, 4, 35, 5), (7, 8, 9, 10, 11, 12), (13, 14, 15, 19, 16, 6), (2, 20, 21, 22, 23, 18), (25, 26, 27, 28, 29, 30), (31, 32, 33, 34, 17, 36)), ((1, 8, 3, 4, 35, 5), (7, 24, 9, 10, 11, 12), (13, 14, 15, 19, 16, 6), (2, 20, 21, 22, 23, 18), (25, 26, 27, 28, 29, 30), (31, 32, 33, 34, 17, 36)), ((1, 24, 3, 4, 35, 5), (7, 8, 9, 10, 11, 12), (13, 14, 15, 19, 16, 6), (20, 2, 21, 22, 23, 18), (25, 26, 27, 28, 29, 30), (31, 32, 33, 34, 17, 36)), ((1, 24, 3, 4, 35, 5), (7, 8, 9, 10, 11, 12), (13, 14, 15, 16, 19, 18), (20, 2, 21, 22, 23, 6), (25, 26, 27, 28, 29, 30), (31, 32, 33, 34, 17, 36)), ((1, 24, 3, 4, 35, 5), (7, 8, 9, 10, 11, 12), (13, 14, 15, 22, 16, 18), (20, 2, 21, 19, 23, 6), (25, 26, 27, 28, 29, 30), (31, 32, 33, 34, 17, 36)), ((1, 24, 3, 4, 35, 5), (7, 8, 9, 10, 11, 12), (13, 14, 19, 15, 16, 18), (20, 2, 21, 22, 23, 6), (25, 26, 27, 28, 29, 30), (31, 32, 33, 34, 17, 36)), ((1, 24, 3, 4, 35, 5), (7, 8, 9, 10, 11, 12), (13, 2, 15, 19, 16, 18), (20, 14, 21, 22, 23, 6), (25, 26, 27, 28, 29, 30), (31, 32, 33, 34, 17, 36)), ((1, 24, 3, 4, 5, 35), (7, 8, 9, 10, 11, 12), (13, 14, 15, 19, 16, 18), (20, 2, 21, 22, 23, 6), (25, 26, 27, 28, 29, 30), (31, 32, 33, 34, 17, 36)), ((1, 24, 3, 4, 11, 5), (7, 8, 9, 10, 35, 12), (13, 14, 15, 19, 16, 18), (20, 2, 21, 22, 23, 6), (25, 26, 27, 28, 29, 30), (31, 32, 33, 34, 17, 36)), ((1, 3, 24, 4, 35, 5), (7, 8, 9, 10, 11, 12), (13, 14, 15, 19, 16, 18), (20, 2, 21, 22, 23, 6), (25, 26, 27, 28, 29, 30), (31, 32, 33, 34, 17, 36)), ((1, 8, 3, 4, 35, 5), (7, 24, 9, 10, 11, 12), (13, 14, 15, 19, 16, 18), (20, 2, 21, 22, 23, 6), (25, 26, 27, 28, 29, 30), (31, 32, 33, 34, 17, 36)), ((1, 24, 3, 4, 35, 5), (7, 8, 9, 10, 11, 12), (13, 14, 15, 19, 16, 18), (2, 20, 21, 22, 17, 6), (25, 26, 27, 28, 23, 30), (31, 32, 33, 34, 29, 36)), ((1, 24, 3, 4, 35, 5), (7, 8, 9, 10, 11, 12), (13, 14, 15, 19, 16, 18), (20, 2, 21, 22, 23, 6), (25, 26, 27, 28, 17, 30), (31, 32, 33, 34, 29, 36)), ((1, 24, 3, 4, 35, 5), (7, 8, 9, 10, 11, 12), (13, 14, 15, 19, 16, 6), (2, 20, 21, 22, 23, 18), (25, 26, 27, 28, 17, 30), (31, 32, 33, 34, 29, 36)), ((1, 24, 3, 4, 35, 5), (7, 8, 9, 10, 11, 12), (13, 14, 15, 16, 19, 18), (2, 20, 21, 22, 23, 6), (25, 26, 27, 28, 17, 30), (31, 32, 33, 34, 29, 36)), ((1, 24, 3, 4, 35, 5), (7, 8, 9, 10, 11, 12), (13, 14, 15, 22, 16, 18), (2, 20, 21, 19, 23, 6), (25, 26, 27, 28, 17, 30), (31, 32, 33, 34, 29, 36)), ((1, 24, 3, 4, 35, 5), (7, 8, 9, 10, 11, 12), (13, 14, 19, 15, 16, 18), (2, 20, 21, 22, 23, 6), (25, 26, 27, 28, 17, 30), (31, 32, 33, 34, 29, 36)), ((1, 24, 3, 4, 35, 5), (7, 8, 9, 10, 11, 12), (2, 14, 15, 19, 16, 18), (13, 20, 21, 22, 23, 6), (25, 26, 27, 28, 17, 30), (31, 32, 33, 34, 29, 36)), ((1, 24, 3, 4, 5, 35), (7, 8, 9, 10, 11, 12), (13, 14, 15, 19, 16, 18), (2, 20, 21, 22, 23, 6), (25, 26, 27, 28, 17, 30), (31, 32, 33, 34, 29, 36)), ((1, 24, 3, 4, 11, 5), (7, 8, 9, 10, 35, 12), (13, 14, 15, 19, 16, 18), (2, 20, 21, 22, 23, 6), (25, 26, 27, 28, 17, 30), (31, 32, 33, 34, 29, 36)), ((1, 3, 24, 4, 35, 5), (7, 8, 9, 10, 11, 12), (13, 14, 15, 19, 16, 18), (2, 20, 21, 22, 23, 6), (25, 26, 27, 28, 17, 30), (31, 32, 33, 34, 29, 36)), ((1, 8, 3, 4, 35, 5), (7, 24, 9, 10, 11, 12), (13, 14, 15, 19, 16, 18), (2, 20, 21, 22, 23, 6), (25, 26, 27, 28, 17, 30), (31, 32, 33, 34, 29, 36)), ((1, 24, 3, 4, 35, 5), (7, 8, 9, 10, 11, 12), (13, 14, 15, 19, 16, 18), (2, 20, 21, 22, 23, 6), (31, 26, 27, 28, 17, 30), (25, 32, 33, 34, 29, 36)), ((1, 24, 3, 4, 35, 5), (7, 8, 9, 10, 11, 12), (13, 14, 15, 19, 16, 18), (20, 2, 21, 22, 23, 6), (31, 26, 27, 28, 29, 30), (25, 32, 33, 34, 17, 36)), ((1, 24, 3, 4, 35, 5), (7, 8, 9, 10, 11, 12), (13, 14, 15, 19, 16, 6), (2, 20, 21, 22, 23, 18), (31, 26, 27, 28, 29, 30), (25, 32, 33, 34, 17, 36)), ((1, 24, 3, 4, 35, 5), (7, 8, 9, 10, 11, 12), (13, 14, 15, 16, 19, 18), (2, 20, 21, 22, 23, 6), (31, 26, 27, 28, 29, 30), (25, 32, 33, 34, 17, 36)), ((1, 24, 3, 4, 35, 5), (7, 8, 9, 10, 11, 12), (13, 14, 15, 22, 16, 18), (2, 20, 21, 19, 23, 6), (31, 26, 27, 28, 29, 30), (25, 32, 33, 34, 17, 36)), ((1, 24, 3, 4, 35, 5), (7, 8, 9, 10, 11, 12), (13, 14, 19, 15, 16, 18), (2, 20, 21, 22, 23, 6), (31, 26, 27, 28, 29, 30), (25, 32, 33, 34, 17, 36)), ((1, 24, 3, 4, 35, 5), (7, 8, 9, 10, 11, 12), (2, 14, 15, 19, 16, 18), (13, 20, 21, 22, 23, 6), (31, 26, 27, 28, 29, 30), (25, 32, 33, 34, 17, 36)), ((1, 24, 3, 4, 5, 35), (7, 8, 9, 10, 11, 12), (13, 14, 15, 19, 16, 18), (2, 20, 21, 22, 23, 6), (31, 26, 27, 28, 29, 30), (25, 32, 33, 34, 17, 36)), ((1, 24, 3, 4, 11, 5), (7, 8, 9, 10, 35, 12), (13, 14, 15, 19, 16, 18), (2, 20, 21, 22, 23, 6), (31, 26, 27, 28, 29, 30), (25, 32, 33, 34, 17, 36)), ((1, 3, 24, 4, 35, 5), (7, 8, 9, 10, 11, 12), (13, 14, 15, 19, 16, 18), (2, 20, 21, 22, 23, 6), (31, 26, 27, 28, 29, 30), (25, 32, 33, 34, 17, 36)), ((1, 8, 3, 4, 35, 5), (7, 24, 9, 10, 11, 12), (13, 14, 15, 19, 16, 18), (2, 20, 21, 22, 23, 6), (31, 26, 27, 28, 29, 30), (25, 32, 33, 34, 17, 36)), ((1, 24, 3, 4, 35, 5), (7, 8, 9, 10, 11, 12), (13, 14, 15, 19, 16, 18), (25, 20, 21, 22, 23, 6), (31, 26, 27, 28, 29, 30), (2, 32, 33, 34, 17, 36)), ((1, 24, 3, 4, 35, 5), (7, 8, 9, 10, 11, 12), (13, 14, 15, 19, 16, 6), (31, 20, 21, 22, 23, 18), (25, 26, 27, 28, 29, 30), (2, 32, 33, 34, 17, 36)), ((1, 24, 3, 4, 35, 5), (7, 8, 9, 10, 11, 12), (13, 14, 15, 16, 19, 18), (31, 20, 21, 22, 23, 6), (25, 26, 27, 28, 29, 30), (2, 32, 33, 34, 17, 36)), ((1, 24, 3, 4, 35, 5), (7, 8, 9, 10, 11, 12), (13, 14, 15, 22, 16, 18), (31, 20, 21, 19, 23, 6), (25, 26, 27, 28, 29, 30), (2, 32, 33, 34, 17, 36)), ((1, 24, 3, 4, 35, 5), (7, 8, 9, 10, 11, 12), (13, 14, 19, 15, 16, 18), (31, 20, 21, 22, 23, 6), (25, 26, 27, 28, 29, 30), (2, 32, 33, 34, 17, 36)), ((1, 24, 3, 4, 5, 35), (7, 8, 9, 10, 11, 12), (13, 14, 15, 19, 16, 18), (31, 20, 21, 22, 23, 6), (25, 26, 27, 28, 29, 30), (2, 32, 33, 34, 17, 36)), ((1, 24, 3, 4, 11, 5), (7, 8, 9, 10, 35, 12), (13, 14, 15, 19, 16, 18), (31, 20, 21, 22, 23, 6), (25, 26, 27, 28, 29, 30), (2, 32, 33, 34, 17, 36)), ((1, 3, 24, 4, 35, 5), (7, 8, 9, 10, 11, 12), (13, 14, 15, 19, 16, 18), (31, 20, 21, 22, 23, 6), (25, 26, 27, 28, 29, 30), (2, 32, 33, 34, 17, 36)), ((1, 8, 3, 4, 35, 5), (7, 24, 9, 10, 11, 12), (13, 14, 15, 19, 16, 18), (31, 20, 21, 22, 23, 6), (25, 26, 27, 28, 29, 30), (2, 32, 33, 34, 17, 36)), ((7, 24, 3, 4, 35, 5), (1, 8, 9, 10, 11, 12), (13, 14, 15, 19, 16, 18), (31, 20, 21, 22, 23, 6), (25, 26, 27, 28, 29, 30), (2, 32, 33, 34, 17, 36)), ((7, 24, 3, 4, 35, 5), (1, 8, 9, 10, 11, 12), (13, 14, 15, 19, 16, 18), (31, 20, 21, 22, 23, 6), (25, 26, 27, 28, 17, 30), (32, 2, 33, 34, 29, 36)), ((7, 24, 3, 4, 35, 5), (1, 8, 9, 10, 11, 12), (13, 14, 15, 19, 16, 18), (31, 20, 21, 22, 23, 6), (25, 2, 27, 28, 29, 30), (32, 26, 33, 34, 17, 36)), ((7, 24, 3, 4, 35, 5), (1, 8, 9, 10, 11, 12), (13, 14, 15, 19, 16, 18), (25, 20, 21, 22, 23, 6), (31, 26, 27, 28, 29, 30), (32, 2, 33, 34, 17, 36)), ((7, 24, 3, 4, 35, 5), (1, 8, 9, 10, 11, 12), (13, 14, 15, 19, 16, 6), (31, 20, 21, 22, 23, 18), (25, 26, 27, 28, 29, 30), (32, 2, 33, 34, 17, 36)), ((7, 24, 3, 4, 35, 5), (1, 8, 9, 10, 11, 12), (13, 14, 15, 16, 19, 18), (31, 20, 21, 22, 23, 6), (25, 26, 27, 28, 29, 30), (32, 2, 33, 34, 17, 36)), ((7, 24, 3, 4, 35, 5), (1, 8, 9, 10, 11, 12), (13, 14, 15, 22, 16, 18), (31, 20, 21, 19, 23, 6), (25, 26, 27, 28, 29, 30), (32, 2, 33, 34, 17, 36)), ((7, 24, 3, 4, 35, 5), (1, 8, 9, 10, 11, 12), (13, 14, 19, 15, 16, 18), (31, 20, 21, 22, 23, 6), (25, 26, 27, 28, 29, 30), (32, 2, 33, 34, 17, 36)), ((7, 24, 3, 4, 5, 35), (1, 8, 9, 10, 11, 12), (13, 14, 15, 19, 16, 18), (31, 20, 21, 22, 23, 6), (25, 26, 27, 28, 29, 30), (32, 2, 33, 34, 17, 36)), ((7, 24, 3, 4, 11, 5), (1, 8, 9, 10, 35, 12), (13, 14, 15, 19, 16, 18), (31, 20, 21, 22, 23, 6), (25, 26, 27, 28, 29, 30), (32, 2, 33, 34, 17, 36)), ((7, 3, 24, 4, 35, 5), (1, 8, 9, 10, 11, 12), (13, 14, 15, 19, 16, 18), (31, 20, 21, 22, 23, 6), (25, 26, 27, 28, 29, 30), (32, 2, 33, 34, 17, 36)), ((7, 8, 3, 4, 35, 5), (1, 24, 9, 10, 11, 12), (13, 14, 15, 19, 16, 18), (31, 20, 21, 22, 23, 6), (25, 26, 27, 28, 29, 30), (32, 2, 33, 34, 17, 36)), ((1, 24, 3, 4, 35, 5), (7, 8, 9, 10, 11, 12), (13, 14, 15, 19, 16, 18), (2, 20, 21, 22, 17, 6), (25, 26, 27, 28, 29, 30), (31, 32, 33, 34, 23, 36)), ((1, 24, 3, 4, 35, 5), (7, 8, 9, 10, 11, 12), (13, 14, 15, 19, 16, 18), (20, 2, 21, 22, 17, 6), (25, 26, 27, 28, 23, 30), (31, 32, 33, 34, 29, 36)), ((1, 24, 3, 4, 35, 5), (7, 8, 9, 10, 11, 12), (13, 14, 15, 19, 16, 6), (2, 20, 21, 22, 17, 18), (25, 26, 27, 28, 23, 30), (31, 32, 33, 34, 29, 36)), ((1, 24, 3, 4, 35, 5), (7, 8, 9, 10, 11, 12), (13, 14, 15, 19, 17, 18), (2, 20, 21, 22, 16, 6), (25, 26, 27, 28, 23, 30), (31, 32, 33, 34, 29, 36)), ((1, 24, 3, 4, 35, 5), (7, 8, 9, 10, 11, 12), (13, 14, 15, 16, 19, 18), (2, 20, 21, 22, 17, 6), (25, 26, 27, 28, 23, 30), (31, 32, 33, 34, 29, 36)), ((1, 24, 3, 4, 35, 5), (7, 8, 9, 10, 11, 12), (13, 14, 15, 16, 17, 18), (2, 20, 21, 22, 19, 6), (25, 26, 27, 28, 23, 30), (31, 32, 33, 34, 29, 36)), ((1, 24, 3, 4, 35, 5), (7, 8, 9, 10, 11, 12), (13, 14, 15, 16, 17, 18), (2, 20, 21, 22, 19, 6), (25, 26, 27, 28, 29, 30), (31, 32, 33, 34, 23, 36)), ((1, 24, 3, 4, 35, 5), (7, 8, 9, 10, 11, 12), (13, 14, 15, 16, 17, 18), (2, 20, 21, 22, 23, 6), (25, 26, 27, 28, 19, 30), (31, 32, 33, 34, 29, 36)), ((1, 24, 3, 4, 35, 5), (7, 8, 9, 10, 11, 12), (13, 14, 15, 16, 17, 18), (2, 20, 21, 19, 22, 6), (25, 26, 27, 28, 23, 30), (31, 32, 33, 34, 29, 36)), ((1, 24, 3, 4, 35, 5), (7, 8, 9, 10, 11, 12), (13, 14, 15, 16, 17, 18), (20, 2, 21, 22, 19, 6), (25, 26, 27, 28, 23, 30), (31, 32, 33, 34, 29, 36)), ((1, 24, 3, 4, 35, 5), (7, 8, 9, 10, 11, 12), (13, 14, 15, 16, 17, 6), (2, 20, 21, 22, 19, 18), (25, 26, 27, 28, 23, 30), (31, 32, 33, 34, 29, 36)), ((1, 24, 3, 4, 35, 5), (7, 8, 9, 10, 11, 12), (2, 14, 15, 16, 17, 18), (13, 20, 21, 22, 19, 6), (25, 26, 27, 28, 23, 30), (31, 32, 33, 34, 29, 36)), ((1, 24, 3, 4, 5, 35), (7, 8, 9, 10, 11, 12), (13, 14, 15, 16, 17, 18), (2, 20, 21, 22, 19, 6), (25, 26, 27, 28, 23, 30), (31, 32, 33, 34, 29, 36)), ((1, 24, 3, 4, 11, 5), (7, 8, 9, 10, 35, 12), (13, 14, 15, 16, 17, 18), (2, 20, 21, 22, 19, 6), (25, 26, 27, 28, 23, 30), (31, 32, 33, 34, 29, 36)), ((1, 3, 24, 4, 35, 5), (7, 8, 9, 10, 11, 12), (13, 14, 15, 16, 17, 18), (2, 20, 21, 22, 19, 6), (25, 26, 27, 28, 23, 30), (31, 32, 33, 34, 29, 36)), ((1, 8, 3, 4, 35, 5), (7, 24, 9, 10, 11, 12), (13, 14, 15, 16, 17, 18), (2, 20, 21, 22, 19, 6), (25, 26, 27, 28, 23, 30), (31, 32, 33, 34, 29, 36)), ((1, 24, 3, 4, 35, 5), (7, 8, 9, 10, 11, 12), (13, 14, 15, 22, 16, 18), (2, 20, 21, 19, 17, 6), (25, 26, 27, 28, 23, 30), (31, 32, 33, 34, 29, 36)), ((1, 24, 3, 4, 35, 5), (7, 8, 9, 10, 11, 12), (13, 14, 19, 15, 16, 18), (2, 20, 21, 22, 17, 6), (25, 26, 27, 28, 23, 30), (31, 32, 33, 34, 29, 36)), ((1, 24, 3, 4, 35, 5), (7, 8, 9, 10, 11, 12), (2, 14, 15, 19, 16, 18), (13, 20, 21, 22, 17, 6), (25, 26, 27, 28, 23, 30), (31, 32, 33, 34, 29, 36)), ((1, 24, 3, 4, 5, 35), (7, 8, 9, 10, 11, 12), (13, 14, 15, 19, 16, 18), (2, 20, 21, 22, 17, 6), (25, 26, 27, 28, 23, 30), (31, 32, 33, 34, 29, 36)), ((1, 24, 3, 4, 11, 5), (7, 8, 9, 10, 35, 12), (13, 14, 15, 19, 16, 18), (2, 20, 21, 22, 17, 6), (25, 26, 27, 28, 23, 30), (31, 32, 33, 34, 29, 36)), ((1, 3, 24, 4, 35, 5), (7, 8, 9, 10, 11, 12), (13, 14, 15, 19, 16, 18), (2, 20, 21, 22, 17, 6), (25, 26, 27, 28, 23, 30), (31, 32, 33, 34, 29, 36)), ((1, 8, 3, 4, 35, 5), (7, 24, 9, 10, 11, 12), (13, 14, 15, 19, 16, 18), (2, 20, 21, 22, 17, 6), (25, 26, 27, 28, 23, 30), (31, 32, 33, 34, 29, 36)), ((1, 8, 3, 4, 35, 5), (7, 24, 9, 10, 11, 12), (13, 14, 15, 19, 16, 18), (20, 2, 21, 22, 23, 6), (25, 26, 27, 28, 17, 30), (31, 32, 33, 34, 29, 36)), ((1, 3, 24, 4, 35, 5), (7, 8, 9, 10, 11, 12), (13, 14, 15, 19, 16, 18), (20, 2, 21, 22, 23, 6), (25, 26, 27, 28, 17, 30), (31, 32, 33, 34, 29, 36)), ((1, 24, 3, 4, 11, 5), (7, 8, 9, 10, 35, 12), (13, 14, 15, 19, 16, 18), (20, 2, 21, 22, 23, 6), (25, 26, 27, 28, 17, 30), (31, 32, 33, 34, 29, 36)), ((1, 24, 3, 4, 5, 35), (7, 8, 9, 10, 11, 12), (13, 14, 15, 19, 16, 18), (20, 2, 21, 22, 23, 6), (25, 26, 27, 28, 17, 30), (31, 32, 33, 34, 29, 36)), ((1, 24, 3, 4, 35, 5), (7, 8, 9, 10, 11, 12), (13, 2, 15, 19, 16, 18), (20, 14, 21, 22, 23, 6), (25, 26, 27, 28, 17, 30), (31, 32, 33, 34, 29, 36)), ((1, 24, 3, 4, 35, 5), (7, 2, 9, 10, 11, 12), (13, 8, 15, 19, 16, 18), (20, 14, 21, 22, 23, 6), (25, 26, 27, 28, 29, 30), (31, 32, 33, 34, 17, 36)), ((1, 2, 3, 4, 35, 5), (7, 24, 9, 10, 11, 12), (13, 8, 15, 19, 16, 18), (20, 14, 21, 22, 23, 6), (25, 26, 27, 28, 29, 30), (31, 32, 33, 34, 17, 36)), ((1, 2, 3, 4, 35, 5), (7, 8, 9, 10, 11, 12), (13, 24, 15, 19, 16, 18), (20, 14, 21, 22, 23, 6), (25, 26, 27, 28, 29, 30), (31, 32, 33, 34, 17, 36)), ((1, 2, 3, 4, 35, 5), (7, 8, 9, 10, 11, 12), (13, 14, 15, 19, 16, 18), (20, 24, 21, 22, 23, 6), (25, 26, 27, 28, 29, 30), (31, 32, 33, 34, 17, 36)), ((1, 2, 3, 4, 35, 5), (7, 8, 9, 10, 11, 12), (13, 14, 15, 19, 16, 18), (20, 24, 21, 22, 23, 6), (25, 26, 27, 28, 17, 30), (31, 32, 33, 34, 29, 36)), ((1, 2, 3, 4, 35, 5), (7, 8, 9, 10, 11, 12), (13, 14, 15, 19, 16, 18), (20, 21, 24, 22, 23, 6), (25, 26, 27, 28, 29, 30), (31, 32, 33, 34, 17, 36)), ((1, 2, 3, 4, 35, 5), (7, 8, 9, 10, 11, 12), (13, 14, 15, 19, 16, 18), (24, 20, 21, 22, 23, 6), (25, 26, 27, 28, 29, 30), (31, 32, 33, 34, 17, 36)), ((1, 2, 3, 4, 35, 5), (7, 8, 9, 10, 11, 12), (13, 14, 15, 19, 16, 6), (20, 24, 21, 22, 23, 18), (25, 26, 27, 28, 29, 30), (31, 32, 33, 34, 17, 36)), ((1, 2, 3, 4, 35, 5), (7, 8, 9, 10, 11, 12), (13, 14, 15, 16, 19, 18), (20, 24, 21, 22, 23, 6), (25, 26, 27, 28, 29, 30), (31, 32, 33, 34, 17, 36)), ((1, 2, 3, 4, 35, 5), (7, 8, 9, 10, 11, 12), (13, 14, 15, 22, 16, 18), (20, 24, 21, 19, 23, 6), (25, 26, 27, 28, 29, 30), (31, 32, 33, 34, 17, 36)), ((1, 2, 3, 4, 35, 5), (7, 8, 9, 10, 11, 12), (13, 14, 19, 15, 16, 18), (20, 24, 21, 22, 23, 6), (25, 26, 27, 28, 29, 30), (31, 32, 33, 34, 17, 36)), ((1, 2, 3, 4, 5, 35), (7, 8, 9, 10, 11, 12), (13, 14, 15, 19, 16, 18), (20, 24, 21, 22, 23, 6), (25, 26, 27, 28, 29, 30), (31, 32, 33, 34, 17, 36)), ((1, 2, 3, 4, 11, 5), (7, 8, 9, 10, 35, 12), (13, 14, 15, 19, 16, 18), (20, 24, 21, 22, 23, 6), (25, 26, 27, 28, 29, 30), (31, 32, 33, 34, 17, 36)), ((1, 2, 3, 4, 11, 5), (7, 8, 9, 10, 16, 12), (13, 14, 15, 19, 35, 18), (20, 24, 21, 22, 23, 6), (25, 26, 27, 28, 29, 30), (31, 32, 33, 34, 17, 36)), ((1, 2, 3, 4, 5, 11), (7, 8, 9, 10, 35, 12), (13, 14, 15, 19, 16, 18), (20, 24, 21, 22, 23, 6), (25, 26, 27, 28, 29, 30), (31, 32, 33, 34, 17, 36)), ((1, 2, 3, 4, 5, 12), (7, 8, 9, 10, 11, 35), (13, 14, 15, 19, 16, 18), (20, 24, 21, 22, 23, 6), (25, 26, 27, 28, 29, 30), (31, 32, 33, 34, 17, 36)), ((1, 2, 3, 4, 35, 5), (7, 8, 9, 10, 11, 12), (13, 14, 19, 16, 15, 18), (20, 24, 21, 22, 23, 6), (25, 26, 27, 28, 29, 30), (31, 32, 33, 34, 17, 36)), ((1, 2, 3, 4, 35, 5), (7, 8, 9, 10, 11, 12), (13, 14, 21, 15, 16, 18), (20, 24, 19, 22, 23, 6), (25, 26, 27, 28, 29, 30), (31, 32, 33, 34, 17, 36)), ((1, 2, 3, 4, 35, 5), (7, 8, 9, 10, 11, 12), (13, 14, 21, 15, 16, 18), (20, 19, 24, 22, 23, 6), (25, 26, 27, 28, 29, 30), (31, 32, 33, 34, 17, 36)), ((1, 2, 3, 4, 35, 5), (7, 8, 9, 10, 11, 12), (13, 14, 21, 15, 16, 18), (19, 20, 24, 22, 23, 6), (25, 26, 27, 28, 29, 30), (31, 32, 33, 34, 17, 36)), ((1, 2, 3, 4, 35, 5), (7, 8, 9, 10, 11, 12), (13, 14, 21, 15, 16, 18), (19, 20, 24, 22, 23, 6), (25, 26, 27, 28, 17, 30), (31, 32, 33, 34, 29, 36)), ((1, 2, 3, 4, 35, 5), (7, 8, 9, 10, 11, 12), (13, 14, 21, 15, 16, 18), (19, 20, 22, 24, 23, 6), (25, 26, 27, 28, 29, 30), (31, 32, 33, 34, 17, 36)), ((1, 2, 3, 4, 35, 5), (7, 8, 9, 10, 11, 12), (13, 14, 21, 15, 16, 6), (19, 20, 24, 22, 23, 18), (25, 26, 27, 28, 29, 30), (31, 32, 33, 34, 17, 36)), ((1, 2, 3, 4, 35, 5), (7, 8, 9, 10, 11, 12), (13, 14, 21, 16, 15, 18), (19, 20, 24, 22, 23, 6), (25, 26, 27, 28, 29, 30), (31, 32, 33, 34, 17, 36)), ((1, 2, 3, 4, 35, 5), (7, 8, 9, 10, 11, 12), (13, 14, 15, 21, 16, 18), (19, 20, 24, 22, 23, 6), (25, 26, 27, 28, 29, 30), (31, 32, 33, 34, 17, 36)), ((1, 2, 3, 4, 35, 5), (7, 8, 9, 10, 11, 12), (13, 14, 24, 15, 16, 18), (19, 20, 21, 22, 23, 6), (25, 26, 27, 28, 29, 30), (31, 32, 33, 34, 17, 36)), ((1, 2, 3, 4, 35, 5), (7, 8, 9, 10, 11, 12), (13, 14, 15, 24, 16, 18), (19, 20, 21, 22, 23, 6), (25, 26, 27, 28, 29, 30), (31, 32, 33, 34, 17, 36)), ((1, 2, 3, 4, 35, 5), (7, 8, 9, 10, 11, 12), (13, 14, 15, 16, 24, 18), (19, 20, 21, 22, 23, 6), (25, 26, 27, 28, 29, 30), (31, 32, 33, 34, 17, 36)), ((1, 2, 3, 4, 35, 5), (7, 8, 9, 10, 11, 12), (13, 14, 15, 16, 24, 18), (19, 20, 21, 22, 23, 6), (25, 26, 27, 28, 17, 30), (31, 32, 33, 34, 29, 36)), ((1, 2, 3, 4, 35, 5), (7, 8, 9, 10, 11, 12), (13, 14, 15, 16, 24, 6), (19, 20, 21, 22, 23, 18), (25, 26, 27, 28, 29, 30), (31, 32, 33, 34, 17, 36)), ((1, 2, 3, 4, 35, 5), (7, 8, 9, 10, 11, 12), (13, 14, 15, 16, 18, 24), (19, 20, 21, 22, 23, 6), (25, 26, 27, 28, 29, 30), (31, 32, 33, 34, 17, 36)), ((1, 2, 3, 4, 35, 5), (7, 8, 9, 10, 11, 12), (13, 14, 15, 16, 18, 6), (19, 20, 21, 22, 23, 24), (25, 26, 27, 28, 29, 30), (31, 32, 33, 34, 17, 36)), ((1, 2, 3, 4, 35, 5), (7, 8, 9, 10, 11, 12), (13, 14, 15, 16, 18, 6), (19, 20, 21, 22, 23, 24), (25, 26, 27, 28, 17, 30), (31, 32, 33, 34, 29, 36)), ((1, 2, 3, 4, 35, 5), (7, 8, 9, 10, 11, 12), (13, 14, 15, 16, 6, 18), (19, 20, 21, 22, 23, 24), (25, 26, 27, 28, 29, 30), (31, 32, 33, 34, 17, 36)), ((1, 2, 3, 4, 35, 5), (7, 8, 9, 10, 11, 6), (13, 14, 15, 16, 18, 12), (19, 20, 21, 22, 23, 24), (25, 26, 27, 28, 29, 30), (31, 32, 33, 34, 17, 36)), ((1, 2, 3, 4, 5, 35), (7, 8, 9, 10, 11, 12), (13, 14, 15, 16, 18, 6), (19, 20, 21, 22, 23, 24), (25, 26, 27, 28, 29, 30), (31, 32, 33, 34, 17, 36)), ((1, 2, 3, 4, 11, 5), (7, 8, 9, 10, 35, 12), (13, 14, 15, 16, 18, 6), (19, 20, 21, 22, 23, 24), (25, 26, 27, 28, 29, 30), (31, 32, 33, 34, 17, 36)), ((1, 2, 3, 4, 35, 5), (7, 8, 9, 10, 11, 12), (13, 14, 15, 16, 23, 18), (19, 20, 21, 22, 24, 6), (25, 26, 27, 28, 29, 30), (31, 32, 33, 34, 17, 36)), ((1, 2, 3, 4, 5, 35), (7, 8, 9, 10, 11, 12), (13, 14, 15, 16, 24, 18), (19, 20, 21, 22, 23, 6), (25, 26, 27, 28, 29, 30), (31, 32, 33, 34, 17, 36)), ((1, 2, 3, 4, 11, 5), (7, 8, 9, 10, 35, 12), (13, 14, 15, 16, 24, 18), (19, 20, 21, 22, 23, 6), (25, 26, 27, 28, 29, 30), (31, 32, 33, 34, 17, 36)), ((1, 2, 3, 4, 11, 5), (7, 8, 9, 10, 24, 12), (13, 14, 15, 16, 35, 18), (19, 20, 21, 22, 23, 6), (25, 26, 27, 28, 29, 30), (31, 32, 33, 34, 17, 36)), ((1, 2, 3, 4, 5, 11), (7, 8, 9, 10, 35, 12), (13, 14, 15, 16, 24, 18), (19, 20, 21, 22, 23, 6), (25, 26, 27, 28, 29, 30), (31, 32, 33, 34, 17, 36)), ((1, 2, 3, 4, 5, 12), (7, 8, 9, 10, 11, 35), (13, 14, 15, 16, 24, 18), (19, 20, 21, 22, 23, 6), (25, 26, 27, 28, 29, 30), (31, 32, 33, 34, 17, 36)), ((1, 2, 3, 4, 5, 35), (7, 8, 9, 10, 11, 12), (13, 14, 15, 16, 23, 18), (19, 20, 21, 22, 24, 6), (25, 26, 27, 28, 29, 30), (31, 32, 33, 34, 17, 36)), ((1, 2, 3, 4, 11, 5), (7, 8, 9, 10, 35, 12), (13, 14, 15, 16, 23, 18), (19, 20, 21, 22, 24, 6), (25, 26, 27, 28, 29, 30), (31, 32, 33, 34, 17, 36)), ((1, 2, 3, 4, 11, 5), (7, 8, 9, 10, 18, 12), (13, 14, 15, 16, 35, 6), (19, 20, 21, 22, 23, 24), (25, 26, 27, 28, 29, 30), (31, 32, 33, 34, 17, 36)), ((1, 2, 3, 4, 5, 11), (7, 8, 9, 10, 35, 12), (13, 14, 15, 16, 18, 6), (19, 20, 21, 22, 23, 24), (25, 26, 27, 28, 29, 30), (31, 32, 33, 34, 17, 36)), ((1, 2, 3, 4, 5, 12), (7, 8, 9, 10, 11, 35), (13, 14, 15, 16, 18, 6), (19, 20, 21, 22, 23, 24), (25, 26, 27, 28, 29, 30), (31, 32, 33, 34, 17, 36)), ((1, 2, 3, 4, 5, 12), (7, 8, 9, 10, 11, 6), (13, 14, 15, 16, 18, 35), (19, 20, 21, 22, 23, 24), (25, 26, 27, 28, 29, 30), (31, 32, 33, 34, 17, 36)), ((1, 2, 3, 4, 5, 12), (7, 8, 9, 10, 11, 6), (13, 14, 15, 16, 35, 18), (19, 20, 21, 22, 23, 24), (25, 26, 27, 28, 29, 30), (31, 32, 33, 34, 17, 36)), ((1, 2, 3, 4, 5, 6), (7, 8, 9, 10, 11, 12), (13, 14, 15, 16, 35, 18), (19, 20, 21, 22, 23, 24), (25, 26, 27, 28, 29, 30), (31, 32, 33, 34, 17, 36)), ((1, 2, 3, 4, 5, 6), (7, 8, 9, 10, 11, 12), (13, 14, 15, 16, 35, 18), (19, 20, 21, 22, 23, 24), (25, 26, 27, 28, 17, 30), (31, 32, 33, 34, 29, 36)), ((1, 2, 3, 4, 5, 6), (7, 8, 9, 10, 11, 12), (13, 14, 15, 16, 23, 18), (19, 20, 21, 22, 35, 24), (25, 26, 27, 28, 29, 30), (31, 32, 33, 34, 17, 36)), ((1, 2, 3, 4, 5, 6), (7, 8, 9, 10, 11, 12), (13, 14, 15, 16, 18, 35), (19, 20, 21, 22, 23, 24), (25, 26, 27, 28, 29, 30), (31, 32, 33, 34, 17, 36)), ((1, 2, 3, 4, 5, 6), (7, 8, 9, 10, 11, 12), (13, 14, 15, 16, 18, 24), (19, 20, 21, 22, 23, 35), (25, 26, 27, 28, 29, 30), (31, 32, 33, 34, 17, 36)), ((1, 2, 3, 4, 5, 6), (7, 8, 9, 10, 11, 12), (13, 14, 15, 16, 23, 18), (19, 20, 21, 22, 29, 24), (25, 26, 27, 28, 35, 30), (31, 32, 33, 34, 17, 36)), ((1, 2, 3, 4, 5, 6), (7, 8, 9, 10, 11, 12), (13, 14, 15, 16, 23, 18), (19, 20, 21, 22, 29, 24), (25, 26, 27, 28, 17, 30), (31, 32, 33, 34, 35, 36)), ((1, 2, 3, 4, 5, 6), (7, 8, 9, 10, 11, 12), (13, 14, 15, 16, 23, 18), (19, 20, 21, 22, 17, 24), (25, 26, 27, 28, 29, 30), (31, 32, 33, 34, 35, 36)), ((1, 2, 3, 4, 5, 6), (7, 8, 9, 10, 11, 12), (13, 14, 15, 16, 17, 18), (19, 20, 21, 22, 23, 24), (25, 26, 27, 28, 29, 30), (31, 32, 33, 34, 35, 36))]

Solution Path: [((24, 31, 3, 35, 19, 18), (10, 4, 26, 34, 21, 16), (7, 13, 14, 23, 9, 30), (32, 8, 12, 27, 29, 5), (28, 20, 22, 36, 25, 11), (17, 6, 1, 2, 33, 15)), ((24, 31, 3, 35, 19, 18), (10, 4, 26, 34, 21, 16), (7, 13, 14, 23, 9, 30), (32, 8, 12, 27, 29, 5), (28, 20, 22, 36, 25, 11), (17, 1, 6, 2, 33, 15)), ((24, 31, 3, 35, 19, 18), (10, 4, 26, 34, 21, 16), (7, 13, 14, 23, 9, 30), (32, 8, 12, 27, 29, 5), (28, 20, 22, 36, 25, 11), (17, 1, 2, 6, 33, 15)), ((24, 31, 3, 35, 19, 18), (10, 4, 26, 34, 21, 16), (7, 13, 14, 23, 9, 30), (32, 8, 12, 27, 29, 5), (28, 20, 22, 36, 25, 11), (17, 1, 2, 33, 6, 15)), ((24, 31, 3, 35, 19, 18), (10, 4, 26, 34, 21, 16), (7, 13, 14, 23, 9, 30), (32, 8, 12, 27, 29, 5), (28, 20, 22, 36, 25, 11), (17, 1, 2, 33, 15, 6)), ((24, 31, 3, 35, 19, 18), (10, 4, 26, 34, 21, 16), (7, 13, 14, 23, 9, 30), (32, 8, 12, 27, 29, 5), (28, 20, 22, 36, 25, 11), (1, 17, 2, 33, 15, 6)), ((24, 31, 3, 35, 19, 18), (10, 4, 26, 34, 21, 16), (7, 13, 14, 23, 9, 30), (32, 8, 12, 27, 29, 5), (28, 20, 22, 36, 25, 11), (1, 2, 17, 33, 15, 6)), ((24, 31, 3, 35, 19, 18), (10, 4, 26, 34, 21, 16), (7, 13, 14, 23, 9, 30), (32, 8, 12, 27, 29, 5), (28, 20, 22, 36, 25, 11), (1, 2, 33, 17, 15, 6)), ((24, 31, 3, 35, 19, 18), (10, 4, 26, 34, 21, 16), (7, 13, 14, 23, 9, 30), (32, 8, 12, 27, 29, 5), (28, 20, 22, 36, 25, 11), (1, 2, 33, 15, 17, 6)), ((24, 31, 3, 35, 19, 18), (10, 4, 26, 34, 21, 16), (7, 13, 14, 23, 9, 30), (32, 8, 12, 27, 29, 5), (28, 20, 22, 25, 36, 11), (1, 2, 33, 15, 17, 6)), ((24, 31, 3, 35, 19, 18), (10, 4, 26, 34, 21, 16), (7, 13, 14, 23, 9, 30), (32, 8, 12, 27, 29, 5), (28, 20, 22, 25, 11, 36), (1, 2, 33, 15, 17, 6)), ((24, 31, 3, 35, 19, 18), (10, 4, 26, 34, 21, 16), (7, 13, 14, 23, 9, 30), (32, 8, 12, 27, 29, 5), (28, 20, 22, 25, 11, 6), (1, 2, 33, 15, 17, 36)), ((24, 31, 3, 35, 19, 18), (10, 4, 26, 34, 21, 16), (7, 13, 14, 23, 9, 30), (32, 8, 12, 27, 29, 5), (28, 20, 25, 22, 11, 6), (1, 2, 33, 15, 17, 36)), ((24, 31, 3, 35, 19, 18), (10, 4, 26, 34, 21, 16), (7, 13, 14, 23, 9, 30), (32, 8, 12, 27, 11, 5), (28, 20, 25, 22, 29, 6), (1, 2, 33, 15, 17, 36)), ((24, 31, 3, 35, 19, 18), (10, 4, 26, 34, 21, 16), (7, 13, 14, 23, 9, 30), (32, 8, 12, 22, 11, 5), (28, 20, 25, 27, 29, 6), (1, 2, 33, 15, 17, 36)), ((24, 31, 3, 35, 19, 18), (10, 4, 26, 34, 21, 16), (7, 13, 14, 23, 9, 5), (32, 8, 12, 22, 11, 30), (28, 20, 25, 27, 29, 6), (1, 2, 33, 15, 17, 36)), ((24, 31, 3, 35, 19, 18), (10, 4, 26, 34, 21, 16), (7, 13, 14, 23, 9, 5), (32, 8, 12, 22, 11, 6), (28, 20, 25, 27, 29, 30), (1, 2, 33, 15, 17, 36)), ((24, 31, 3, 35, 19, 18), (10, 4, 26, 34, 21, 16), (7, 13, 14, 9, 23, 5), (32, 8, 12, 22, 11, 6), (28, 20, 25, 27, 29, 30), (1, 2, 33, 15, 17, 36)), ((24, 31, 3, 35, 19, 18), (10, 4, 26, 34, 21, 16), (7, 13, 14, 9, 11, 5), (32, 8, 12, 22, 23, 6), (28, 20, 25, 27, 29, 30), (1, 2, 33, 15, 17, 36)), ((24, 31, 3, 35, 19, 18), (10, 4, 26, 34, 21, 5), (7, 13, 14, 9, 11, 16), (32, 8, 12, 22, 23, 6), (28, 20, 25, 27, 29, 30), (1, 2, 33, 15, 17, 36)), ((24, 31, 3, 35, 19, 18), (10, 4, 26, 34, 11, 5), (7, 13, 14, 9, 21, 16), (32, 8, 12, 22, 23, 6), (28, 20, 25, 27, 29, 30), (1, 2, 33, 15, 17, 36)), ((24, 31, 3, 35, 19, 18), (10, 4, 26, 9, 11, 5), (7, 13, 14, 34, 21, 16), (32, 8, 12, 22, 23, 6), (28, 20, 25, 27, 29, 30), (1, 2, 33, 15, 17, 36)), ((24, 31, 3, 35, 19, 18), (10, 26, 4, 9, 11, 5), (7, 13, 14, 34, 21, 16), (32, 8, 12, 22, 23, 6), (28, 20, 25, 27, 29, 30), (1, 2, 33, 15, 17, 36)), ((24, 31, 3, 35, 19, 18), (10, 26, 9, 4, 11, 5), (7, 13, 14, 34, 21, 16), (32, 8, 12, 22, 23, 6), (28, 20, 25, 27, 29, 30), (1, 2, 33, 15, 17, 36)), ((24, 31, 3, 35, 19, 5), (10, 26, 9, 4, 11, 18), (7, 13, 14, 34, 21, 16), (32, 8, 12, 22, 23, 6), (28, 20, 25, 27, 29, 30), (1, 2, 33, 15, 17, 36)), ((24, 31, 3, 19, 35, 5), (10, 26, 9, 4, 11, 18), (7, 13, 14, 34, 21, 16), (32, 8, 12, 22, 23, 6), (28, 20, 25, 27, 29, 30), (1, 2, 33, 15, 17, 36)), ((24, 31, 3, 4, 35, 5), (10, 26, 9, 19, 11, 18), (7, 13, 14, 34, 21, 16), (32, 8, 12, 22, 23, 6), (28, 20, 25, 27, 29, 30), (1, 2, 33, 15, 17, 36)), ((31, 24, 3, 4, 35, 5), (10, 26, 9, 19, 11, 18), (7, 13, 14, 34, 21, 16), (32, 8, 12, 22, 23, 6), (28, 20, 25, 27, 29, 30), (1, 2, 33, 15, 17, 36)), ((31, 24, 3, 4, 35, 5), (10, 26, 9, 19, 11, 18), (7, 13, 14, 34, 21, 16), (32, 8, 12, 22, 23, 6), (28, 25, 20, 27, 29, 30), (1, 2, 33, 15, 17, 36)), ((31, 24, 3, 4, 35, 5), (10, 26, 9, 19, 11, 18), (7, 13, 14, 34, 21, 16), (32, 8, 12, 22, 23, 6), (25, 28, 20, 27, 29, 30), (1, 2, 33, 15, 17, 36)), ((31, 24, 3, 4, 35, 5), (10, 26, 9, 19, 11, 18), (7, 13, 14, 34, 21, 16), (32, 8, 12, 22, 23, 6), (25, 20, 28, 27, 29, 30), (1, 2, 33, 15, 17, 36)), ((31, 24, 3, 4, 35, 5), (10, 26, 9, 19, 11, 18), (7, 13, 14, 34, 21, 16), (32, 8, 12, 22, 23, 6), (25, 20, 27, 28, 29, 30), (1, 2, 33, 15, 17, 36)), ((31, 24, 3, 4, 35, 5), (10, 26, 9, 19, 11, 18), (7, 13, 14, 34, 21, 16), (32, 8, 12, 22, 23, 6), (1, 20, 27, 28, 29, 30), (25, 2, 33, 15, 17, 36)), ((31, 24, 3, 4, 35, 5), (10, 26, 9, 19, 11, 18), (7, 13, 14, 34, 21, 16), (1, 8, 12, 22, 23, 6), (32, 20, 27, 28, 29, 30), (25, 2, 33, 15, 17, 36)), ((31, 24, 3, 4, 35, 5), (10, 26, 9, 19, 11, 18), (7, 13, 14, 34, 21, 16), (1, 8, 12, 22, 23, 6), (25, 20, 27, 28, 29, 30), (32, 2, 33, 15, 17, 36)), ((31, 24, 3, 4, 35, 5), (10, 26, 9, 19, 11, 18), (7, 13, 14, 34, 21, 16), (1, 8, 22, 12, 23, 6), (25, 20, 27, 28, 29, 30), (32, 2, 33, 15, 17, 36)), ((31, 24, 3, 4, 35, 5), (10, 26, 9, 19, 11, 18), (7, 13, 14, 12, 21, 16), (1, 8, 22, 34, 23, 6), (25, 20, 27, 28, 29, 30), (32, 2, 33, 15, 17, 36)), ((31, 24, 3, 4, 35, 5), (10, 26, 9, 19, 11, 18), (7, 13, 14, 21, 12, 16), (1, 8, 22, 34, 23, 6), (25, 20, 27, 28, 29, 30), (32, 2, 33, 15, 17, 36)), ((31, 24, 3, 4, 35, 5), (10, 26, 9, 19, 11, 18), (7, 13, 14, 21, 16, 12), (1, 8, 22, 34, 23, 6), (25, 20, 27, 28, 29, 30), (32, 2, 33, 15, 17, 36)), ((31, 24, 3, 4, 35, 5), (10, 26, 9, 19, 11, 12), (7, 13, 14, 21, 16, 18), (1, 8, 22, 34, 23, 6), (25, 20, 27, 28, 29, 30), (32, 2, 33, 15, 17, 36)), ((31, 24, 3, 4, 35, 5), (10, 26, 9, 19, 11, 12), (7, 13, 14, 21, 16, 18), (1, 8, 22, 34, 23, 6), (25, 20, 27, 15, 29, 30), (32, 2, 33, 28, 17, 36)), ((31, 24, 3, 4, 35, 5), (10, 26, 9, 19, 11, 12), (7, 13, 14, 21, 16, 18), (1, 8, 22, 15, 23, 6), (25, 20, 27, 34, 29, 30), (32, 2, 33, 28, 17, 36)), ((31, 24, 3, 4, 35, 5), (10, 26, 9, 19, 11, 12), (7, 13, 14, 21, 16, 18), (1, 8, 22, 15, 23, 6), (25, 20, 27, 28, 29, 30), (32, 2, 33, 34, 17, 36)), ((31, 24, 3, 4, 35, 5), (10, 26, 9, 19, 11, 12), (7, 13, 14, 15, 16, 18), (1, 8, 22, 21, 23, 6), (25, 20, 27, 28, 29, 30), (32, 2, 33, 34, 17, 36)), ((31, 24, 3, 4, 35, 5), (10, 26, 9, 19, 11, 12), (7, 13, 14, 15, 16, 18), (1, 8, 21, 22, 23, 6), (25, 20, 27, 28, 29, 30), (32, 2, 33, 34, 17, 36)), ((31, 24, 3, 4, 35, 5), (10, 26, 9, 19, 11, 12), (7, 8, 14, 15, 16, 18), (1, 13, 21, 22, 23, 6), (25, 20, 27, 28, 29, 30), (32, 2, 33, 34, 17, 36)), ((31, 24, 3, 4, 35, 5), (10, 8, 9, 19, 11, 12), (7, 26, 14, 15, 16, 18), (1, 13, 21, 22, 23, 6), (25, 20, 27, 28, 29, 30), (32, 2, 33, 34, 17, 36)), ((31, 24, 3, 4, 35, 5), (10, 8, 9, 19, 11, 12), (7, 13, 14, 15, 16, 18), (1, 26, 21, 22, 23, 6), (25, 20, 27, 28, 29, 30), (32, 2, 33, 34, 17, 36)), ((31, 24, 3, 4, 35, 5), (10, 8, 9, 19, 11, 12), (7, 13, 14, 15, 16, 18), (1, 20, 21, 22, 23, 6), (25, 26, 27, 28, 29, 30), (32, 2, 33, 34, 17, 36)), ((31, 24, 3, 4, 35, 5), (7, 8, 9, 19, 11, 12), (10, 13, 14, 15, 16, 18), (1, 20, 21, 22, 23, 6), (25, 26, 27, 28, 29, 30), (32, 2, 33, 34, 17, 36)), ((31, 24, 3, 4, 35, 5), (7, 8, 9, 19, 11, 12), (13, 10, 14, 15, 16, 18), (1, 20, 21, 22, 23, 6), (25, 26, 27, 28, 29, 30), (32, 2, 33, 34, 17, 36)), ((31, 24, 3, 4, 35, 5), (7, 8, 9, 19, 11, 12), (13, 14, 10, 15, 16, 18), (1, 20, 21, 22, 23, 6), (25, 26, 27, 28, 29, 30), (32, 2, 33, 34, 17, 36)), ((31, 24, 3, 4, 35, 5), (7, 8, 9, 19, 11, 12), (13, 14, 15, 10, 16, 18), (1, 20, 21, 22, 23, 6), (25, 26, 27, 28, 29, 30), (32, 2, 33, 34, 17, 36)), ((31, 24, 3, 4, 35, 5), (7, 8, 9, 10, 11, 12), (13, 14, 15, 19, 16, 18), (1, 20, 21, 22, 23, 6), (25, 26, 27, 28, 29, 30), (32, 2, 33, 34, 17, 36)), ((7, 24, 3, 4, 35, 5), (31, 8, 9, 10, 11, 12), (13, 14, 15, 19, 16, 18), (1, 20, 21, 22, 23, 6), (25, 26, 27, 28, 29, 30), (32, 2, 33, 34, 17, 36)), ((7, 24, 3, 4, 35, 5), (13, 8, 9, 10, 11, 12), (31, 14, 15, 19, 16, 18), (1, 20, 21, 22, 23, 6), (25, 26, 27, 28, 29, 30), (32, 2, 33, 34, 17, 36)), ((7, 24, 3, 4, 35, 5), (13, 8, 9, 10, 11, 12), (1, 14, 15, 19, 16, 18), (31, 20, 21, 22, 23, 6), (25, 26, 27, 28, 29, 30), (32, 2, 33, 34, 17, 36)), ((7, 24, 3, 4, 35, 5), (1, 8, 9, 10, 11, 12), (13, 14, 15, 19, 16, 18), (31, 20, 21, 22, 23, 6), (25, 26, 27, 28, 29, 30), (32, 2, 33, 34, 17, 36)), ((1, 24, 3, 4, 35, 5), (7, 8, 9, 10, 11, 12), (13, 14, 15, 19, 16, 18), (31, 20, 21, 22, 23, 6), (25, 26, 27, 28, 29, 30), (32, 2, 33, 34, 17, 36)), ((1, 24, 3, 4, 35, 5), (7, 8, 9, 10, 11, 12), (13, 14, 15, 19, 16, 18), (31, 20, 21, 22, 23, 6), (25, 26, 27, 28, 29, 30), (2, 32, 33, 34, 17, 36)), ((1, 24, 3, 4, 35, 5), (7, 8, 9, 10, 11, 12), (13, 14, 15, 19, 16, 18), (31, 20, 21, 22, 23, 6), (2, 26, 27, 28, 29, 30), (25, 32, 33, 34, 17, 36)), ((1, 24, 3, 4, 35, 5), (7, 8, 9, 10, 11, 12), (13, 14, 15, 19, 16, 18), (2, 20, 21, 22, 23, 6), (31, 26, 27, 28, 29, 30), (25, 32, 33, 34, 17, 36)), ((1, 24, 3, 4, 35, 5), (7, 8, 9, 10, 11, 12), (13, 14, 15, 19, 16, 18), (2, 20, 21, 22, 23, 6), (25, 26, 27, 28, 29, 30), (31, 32, 33, 34, 17, 36)), ((1, 24, 3, 4, 35, 5), (7, 8, 9, 10, 11, 12), (13, 14, 15, 19, 16, 18), (20, 2, 21, 22, 23, 6), (25, 26, 27, 28, 29, 30), (31, 32, 33, 34, 17, 36)), ((1, 24, 3, 4, 35, 5), (7, 8, 9, 10, 11, 12), (13, 2, 15, 19, 16, 18), (20, 14, 21, 22, 23, 6), (25, 26, 27, 28, 29, 30), (31, 32, 33, 34, 17, 36)), ((1, 24, 3, 4, 35, 5), (7, 2, 9, 10, 11, 12), (13, 8, 15, 19, 16, 18), (20, 14, 21, 22, 23, 6), (25, 26, 27, 28, 29, 30), (31, 32, 33, 34, 17, 36)), ((1, 2, 3, 4, 35, 5), (7, 24, 9, 10, 11, 12), (13, 8, 15, 19, 16, 18), (20, 14, 21, 22, 23, 6), (25, 26, 27, 28, 29, 30), (31, 32, 33, 34, 17, 36)), ((1, 2, 3, 4, 35, 5), (7, 8, 9, 10, 11, 12), (13, 24, 15, 19, 16, 18), (20, 14, 21, 22, 23, 6), (25, 26, 27, 28, 29, 30), (31, 32, 33, 34, 17, 36)), ((1, 2, 3, 4, 35, 5), (7, 8, 9, 10, 11, 12), (13, 14, 15, 19, 16, 18), (20, 24, 21, 22, 23, 6), (25, 26, 27, 28, 29, 30), (31, 32, 33, 34, 17, 36)), ((1, 2, 3, 4, 35, 5), (7, 8, 9, 10, 11, 12), (13, 14, 19, 15, 16, 18), (20, 24, 21, 22, 23, 6), (25, 26, 27, 28, 29, 30), (31, 32, 33, 34, 17, 36)), ((1, 2, 3, 4, 35, 5), (7, 8, 9, 10, 11, 12), (13, 14, 21, 15, 16, 18), (20, 24, 19, 22, 23, 6), (25, 26, 27, 28, 29, 30), (31, 32, 33, 34, 17, 36)), ((1, 2, 3, 4, 35, 5), (7, 8, 9, 10, 11, 12), (13, 14, 21, 15, 16, 18), (20, 19, 24, 22, 23, 6), (25, 26, 27, 28, 29, 30), (31, 32, 33, 34, 17, 36)), ((1, 2, 3, 4, 35, 5), (7, 8, 9, 10, 11, 12), (13, 14, 21, 15, 16, 18), (19, 20, 24, 22, 23, 6), (25, 26, 27, 28, 29, 30), (31, 32, 33, 34, 17, 36)), ((1, 2, 3, 4, 35, 5), (7, 8, 9, 10, 11, 12), (13, 14, 24, 15, 16, 18), (19, 20, 21, 22, 23, 6), (25, 26, 27, 28, 29, 30), (31, 32, 33, 34, 17, 36)), ((1, 2, 3, 4, 35, 5), (7, 8, 9, 10, 11, 12), (13, 14, 15, 24, 16, 18), (19, 20, 21, 22, 23, 6), (25, 26, 27, 28, 29, 30), (31, 32, 33, 34, 17, 36)), ((1, 2, 3, 4, 35, 5), (7, 8, 9, 10, 11, 12), (13, 14, 15, 16, 24, 18), (19, 20, 21, 22, 23, 6), (25, 26, 27, 28, 29, 30), (31, 32, 33, 34, 17, 36)), ((1, 2, 3, 4, 35, 5), (7, 8, 9, 10, 11, 12), (13, 14, 15, 16, 18, 24), (19, 20, 21, 22, 23, 6), (25, 26, 27, 28, 29, 30), (31, 32, 33, 34, 17, 36)), ((1, 2, 3, 4, 35, 5), (7, 8, 9, 10, 11, 12), (13, 14, 15, 16, 18, 6), (19, 20, 21, 22, 23, 24), (25, 26, 27, 28, 29, 30), (31, 32, 33, 34, 17, 36)), ((1, 2, 3, 4, 5, 35), (7, 8, 9, 10, 11, 12), (13, 14, 15, 16, 18, 6), (19, 20, 21, 22, 23, 24), (25, 26, 27, 28, 29, 30), (31, 32, 33, 34, 17, 36)), ((1, 2, 3, 4, 5, 12), (7, 8, 9, 10, 11, 35), (13, 14, 15, 16, 18, 6), (19, 20, 21, 22, 23, 24), (25, 26, 27, 28, 29, 30), (31, 32, 33, 34, 17, 36)), ((1, 2, 3, 4, 5, 12), (7, 8, 9, 10, 11, 6), (13, 14, 15, 16, 18, 35), (19, 20, 21, 22, 23, 24), (25, 26, 27, 28, 29, 30), (31, 32, 33, 34, 17, 36)), ((1, 2, 3, 4, 5, 12), (7, 8, 9, 10, 11, 6), (13, 14, 15, 16, 35, 18), (19, 20, 21, 22, 23, 24), (25, 26, 27, 28, 29, 30), (31, 32, 33, 34, 17, 36)), ((1, 2, 3, 4, 5, 6), (7, 8, 9, 10, 11, 12), (13, 14, 15, 16, 35, 18), (19, 20, 21, 22, 23, 24), (25, 26, 27, 28, 29, 30), (31, 32, 33, 34, 17, 36)), ((1, 2, 3, 4, 5, 6), (7, 8, 9, 10, 11, 12), (13, 14, 15, 16, 23, 18), (19, 20, 21, 22, 35, 24), (25, 26, 27, 28, 29, 30), (31, 32, 33, 34, 17, 36)), ((1, 2, 3, 4, 5, 6), (7, 8, 9, 10, 11, 12), (13, 14, 15, 16, 23, 18), (19, 20, 21, 22, 29, 24), (25, 26, 27, 28, 35, 30), (31, 32, 33, 34, 17, 36)), ((1, 2, 3, 4, 5, 6), (7, 8, 9, 10, 11, 12), (13, 14, 15, 16, 23, 18), (19, 20, 21, 22, 29, 24), (25, 26, 27, 28, 17, 30), (31, 32, 33, 34, 35, 36)), ((1, 2, 3, 4, 5, 6), (7, 8, 9, 10, 11, 12), (13, 14, 15, 16, 23, 18), (19, 20, 21, 22, 17, 24), (25, 26, 27, 28, 29, 30), (31, 32, 33, 34, 35, 36)), ((1, 2, 3, 4, 5, 6), (7, 8, 9, 10, 11, 12), (13, 14, 15, 16, 17, 18), (19, 20, 21, 22, 23, 24), (25, 26, 27, 28, 29, 30), (31, 32, 33, 34, 35, 36))]



=== Puzzle 5 ===

Puzzle: N

Execution Time: 60.09371781349182

Search Path: No solutions

Solution Path: No solutions - Time exceeded



