Total Execution Time: 0.3770921230316162

Total Search Path: 144

Total Solution Path: 144

Total No Solutions: 0

Average Execution Time: 0.07541842460632324

Average Search Path: 28.8

Average Solution Path: 28.8

Average No Solutions: 0.0





=== Puzzle 1 ===

Puzzle: ((16, 5, 11, 2), (7, 12, 10, 8), (3, 6, 1, 9), (4, 15, 13, 14))

Execution Time: 0.07645988464355469

Search Path: [((16, 5, 11, 2), (7, 12, 10, 8), (3, 6, 1, 9), (4, 15, 13, 14)), ((16, 5, 11, 2), (7, 12, 10, 8), (3, 6, 1, 9), (4, 13, 15, 14)), ((16, 5, 11, 2), (7, 12, 10, 8), (3, 6, 1, 9), (13, 4, 15, 14)), ((5, 16, 11, 2), (7, 12, 10, 8), (3, 6, 1, 9), (13, 4, 15, 14)), ((5, 16, 11, 2), (7, 12, 1, 8), (3, 6, 10, 9), (13, 4, 15, 14)), ((5, 16, 11, 2), (7, 1, 12, 8), (3, 6, 10, 9), (13, 4, 15, 14)), ((5, 1, 11, 2), (7, 16, 12, 8), (3, 6, 10, 9), (13, 4, 15, 14)), ((5, 1, 11, 2), (7, 6, 12, 8), (3, 16, 10, 9), (13, 4, 15, 14)), ((5, 1, 11, 2), (7, 6, 12, 8), (3, 4, 10, 9), (13, 16, 15, 14)), ((5, 1, 11, 2), (7, 6, 12, 8), (3, 10, 4, 9), (13, 16, 15, 14)), ((5, 1, 11, 2), (7, 6, 12, 8), (3, 10, 9, 4), (13, 16, 15, 14)), ((5, 1, 11, 2), (7, 6, 12, 8), (3, 10, 9, 4), (13, 15, 16, 14)), ((5, 1, 11, 2), (7, 6, 12, 8), (3, 10, 9, 4), (13, 15, 14, 16)), ((5, 1, 11, 2), (7, 6, 12, 8), (3, 10, 9, 4), (13, 14, 15, 16)), ((5, 1, 11, 2), (7, 6, 12, 8), (3, 9, 10, 4), (13, 14, 15, 16)), ((5, 1, 11, 2), (7, 6, 12, 8), (9, 3, 10, 4), (13, 14, 15, 16)), ((5, 1, 11, 2), (7, 6, 12, 8), (9, 10, 3, 4), (13, 14, 15, 16)), ((5, 1, 11, 2), (7, 6, 3, 8), (9, 10, 12, 4), (13, 14, 15, 16)), ((5, 1, 3, 2), (7, 6, 11, 8), (9, 10, 12, 4), (13, 14, 15, 16)), ((5, 1, 3, 2), (7, 6, 11, 4), (9, 10, 12, 8), (13, 14, 15, 16)), ((5, 1, 3, 4), (7, 6, 11, 2), (9, 10, 12, 8), (13, 14, 15, 16)), ((5, 1, 3, 4), (7, 6, 2, 11), (9, 10, 12, 8), (13, 14, 15, 16)), ((5, 1, 3, 4), (7, 6, 2, 8), (9, 10, 12, 11), (13, 14, 15, 16)), ((5, 1, 3, 4), (7, 6, 2, 8), (9, 10, 11, 12), (13, 14, 15, 16)), ((5, 1, 3, 4), (7, 2, 6, 8), (9, 10, 11, 12), (13, 14, 15, 16)), ((1, 5, 3, 4), (7, 2, 6, 8), (9, 10, 11, 12), (13, 14, 15, 16)), ((1, 2, 3, 4), (7, 5, 6, 8), (9, 10, 11, 12), (13, 14, 15, 16)), ((1, 2, 3, 4), (5, 7, 6, 8), (9, 10, 11, 12), (13, 14, 15, 16)), ((1, 2, 3, 4), (5, 6, 7, 8), (9, 10, 11, 12), (13, 14, 15, 16))]

Solution Path: [((16, 5, 11, 2), (7, 12, 10, 8), (3, 6, 1, 9), (4, 15, 13, 14)), ((16, 5, 11, 2), (7, 12, 10, 8), (3, 6, 1, 9), (4, 13, 15, 14)), ((16, 5, 11, 2), (7, 12, 10, 8), (3, 6, 1, 9), (13, 4, 15, 14)), ((5, 16, 11, 2), (7, 12, 10, 8), (3, 6, 1, 9), (13, 4, 15, 14)), ((5, 16, 11, 2), (7, 12, 1, 8), (3, 6, 10, 9), (13, 4, 15, 14)), ((5, 16, 11, 2), (7, 1, 12, 8), (3, 6, 10, 9), (13, 4, 15, 14)), ((5, 1, 11, 2), (7, 16, 12, 8), (3, 6, 10, 9), (13, 4, 15, 14)), ((5, 1, 11, 2), (7, 6, 12, 8), (3, 16, 10, 9), (13, 4, 15, 14)), ((5, 1, 11, 2), (7, 6, 12, 8), (3, 4, 10, 9), (13, 16, 15, 14)), ((5, 1, 11, 2), (7, 6, 12, 8), (3, 10, 4, 9), (13, 16, 15, 14)), ((5, 1, 11, 2), (7, 6, 12, 8), (3, 10, 9, 4), (13, 16, 15, 14)), ((5, 1, 11, 2), (7, 6, 12, 8), (3, 10, 9, 4), (13, 15, 16, 14)), ((5, 1, 11, 2), (7, 6, 12, 8), (3, 10, 9, 4), (13, 15, 14, 16)), ((5, 1, 11, 2), (7, 6, 12, 8), (3, 10, 9, 4), (13, 14, 15, 16)), ((5, 1, 11, 2), (7, 6, 12, 8), (3, 9, 10, 4), (13, 14, 15, 16)), ((5, 1, 11, 2), (7, 6, 12, 8), (9, 3, 10, 4), (13, 14, 15, 16)), ((5, 1, 11, 2), (7, 6, 12, 8), (9, 10, 3, 4), (13, 14, 15, 16)), ((5, 1, 11, 2), (7, 6, 3, 8), (9, 10, 12, 4), (13, 14, 15, 16)), ((5, 1, 3, 2), (7, 6, 11, 8), (9, 10, 12, 4), (13, 14, 15, 16)), ((5, 1, 3, 2), (7, 6, 11, 4), (9, 10, 12, 8), (13, 14, 15, 16)), ((5, 1, 3, 4), (7, 6, 11, 2), (9, 10, 12, 8), (13, 14, 15, 16)), ((5, 1, 3, 4), (7, 6, 2, 11), (9, 10, 12, 8), (13, 14, 15, 16)), ((5, 1, 3, 4), (7, 6, 2, 8), (9, 10, 12, 11), (13, 14, 15, 16)), ((5, 1, 3, 4), (7, 6, 2, 8), (9, 10, 11, 12), (13, 14, 15, 16)), ((5, 1, 3, 4), (7, 2, 6, 8), (9, 10, 11, 12), (13, 14, 15, 16)), ((1, 5, 3, 4), (7, 2, 6, 8), (9, 10, 11, 12), (13, 14, 15, 16)), ((1, 2, 3, 4), (7, 5, 6, 8), (9, 10, 11, 12), (13, 14, 15, 16)), ((1, 2, 3, 4), (5, 7, 6, 8), (9, 10, 11, 12), (13, 14, 15, 16)), ((1, 2, 3, 4), (5, 6, 7, 8), (9, 10, 11, 12), (13, 14, 15, 16))]



=== Puzzle 2 ===

Puzzle: ((16, 14, 8, 6), (2, 13, 15, 9), (4, 11, 7, 12), (3, 10, 5, 1))

Execution Time: 0.09970211982727051

Search Path: [((16, 14, 8, 6), (2, 13, 15, 9), (4, 11, 7, 12), (3, 10, 5, 1)), ((16, 14, 8, 6), (13, 2, 15, 9), (4, 11, 7, 12), (3, 10, 5, 1)), ((16, 14, 8, 6), (4, 2, 15, 9), (13, 11, 7, 12), (3, 10, 5, 1)), ((4, 14, 8, 6), (16, 2, 15, 9), (13, 11, 7, 12), (3, 10, 5, 1)), ((4, 14, 8, 6), (16, 2, 15, 9), (3, 11, 7, 12), (13, 10, 5, 1)), ((4, 14, 8, 6), (3, 2, 15, 9), (16, 11, 7, 12), (13, 10, 5, 1)), ((4, 2, 8, 6), (3, 14, 15, 9), (16, 11, 7, 12), (13, 10, 5, 1)), ((4, 2, 8, 6), (3, 14, 7, 9), (16, 11, 15, 12), (13, 10, 5, 1)), ((4, 2, 8, 6), (3, 14, 7, 9), (16, 11, 5, 12), (13, 10, 15, 1)), ((4, 2, 8, 6), (3, 14, 7, 9), (16, 5, 11, 12), (13, 10, 15, 1)), ((4, 2, 8, 6), (3, 14, 7, 9), (5, 16, 11, 12), (13, 10, 15, 1)), ((4, 2, 8, 6), (3, 14, 7, 9), (5, 10, 11, 12), (13, 16, 15, 1)), ((4, 2, 6, 8), (3, 14, 7, 9), (5, 10, 11, 12), (13, 16, 15, 1)), ((4, 2, 6, 8), (3, 14, 7, 9), (5, 10, 11, 12), (13, 16, 1, 15)), ((4, 2, 6, 8), (3, 14, 7, 9), (5, 10, 11, 12), (13, 1, 16, 15)), ((4, 2, 6, 8), (3, 14, 7, 9), (5, 10, 11, 12), (13, 1, 15, 16)), ((4, 2, 6, 8), (3, 14, 7, 9), (5, 1, 11, 12), (13, 10, 15, 16)), ((4, 2, 6, 8), (3, 1, 7, 9), (5, 14, 11, 12), (13, 10, 15, 16)), ((4, 2, 6, 8), (1, 3, 7, 9), (5, 14, 11, 12), (13, 10, 15, 16)), ((4, 2, 6, 8), (1, 3, 7, 9), (5, 10, 11, 12), (13, 14, 15, 16)), ((4, 2, 6, 8), (1, 3, 9, 7), (5, 10, 11, 12), (13, 14, 15, 16)), ((4, 2, 6, 8), (1, 9, 3, 7), (5, 10, 11, 12), (13, 14, 15, 16)), ((4, 2, 3, 8), (1, 9, 6, 7), (5, 10, 11, 12), (13, 14, 15, 16)), ((4, 2, 3, 8), (1, 10, 6, 7), (5, 9, 11, 12), (13, 14, 15, 16)), ((4, 2, 3, 7), (1, 10, 6, 8), (5, 9, 11, 12), (13, 14, 15, 16)), ((2, 4, 3, 7), (1, 10, 6, 8), (5, 9, 11, 12), (13, 14, 15, 16)), ((2, 3, 4, 7), (1, 10, 6, 8), (5, 9, 11, 12), (13, 14, 15, 16)), ((2, 3, 7, 4), (1, 10, 6, 8), (5, 9, 11, 12), (13, 14, 15, 16)), ((2, 7, 3, 4), (1, 10, 6, 8), (5, 9, 11, 12), (13, 14, 15, 16)), ((7, 2, 3, 4), (1, 10, 6, 8), (5, 9, 11, 12), (13, 14, 15, 16)), ((1, 2, 3, 4), (7, 10, 6, 8), (5, 9, 11, 12), (13, 14, 15, 16)), ((1, 2, 3, 4), (5, 10, 6, 8), (7, 9, 11, 12), (13, 14, 15, 16)), ((1, 2, 3, 4), (5, 10, 6, 8), (9, 7, 11, 12), (13, 14, 15, 16)), ((1, 2, 3, 4), (5, 7, 6, 8), (9, 10, 11, 12), (13, 14, 15, 16)), ((1, 2, 3, 4), (5, 6, 7, 8), (9, 10, 11, 12), (13, 14, 15, 16))]

Solution Path: [((16, 14, 8, 6), (2, 13, 15, 9), (4, 11, 7, 12), (3, 10, 5, 1)), ((16, 14, 8, 6), (13, 2, 15, 9), (4, 11, 7, 12), (3, 10, 5, 1)), ((16, 14, 8, 6), (4, 2, 15, 9), (13, 11, 7, 12), (3, 10, 5, 1)), ((4, 14, 8, 6), (16, 2, 15, 9), (13, 11, 7, 12), (3, 10, 5, 1)), ((4, 14, 8, 6), (16, 2, 15, 9), (3, 11, 7, 12), (13, 10, 5, 1)), ((4, 14, 8, 6), (3, 2, 15, 9), (16, 11, 7, 12), (13, 10, 5, 1)), ((4, 2, 8, 6), (3, 14, 15, 9), (16, 11, 7, 12), (13, 10, 5, 1)), ((4, 2, 8, 6), (3, 14, 7, 9), (16, 11, 15, 12), (13, 10, 5, 1)), ((4, 2, 8, 6), (3, 14, 7, 9), (16, 11, 5, 12), (13, 10, 15, 1)), ((4, 2, 8, 6), (3, 14, 7, 9), (16, 5, 11, 12), (13, 10, 15, 1)), ((4, 2, 8, 6), (3, 14, 7, 9), (5, 16, 11, 12), (13, 10, 15, 1)), ((4, 2, 8, 6), (3, 14, 7, 9), (5, 10, 11, 12), (13, 16, 15, 1)), ((4, 2, 6, 8), (3, 14, 7, 9), (5, 10, 11, 12), (13, 16, 15, 1)), ((4, 2, 6, 8), (3, 14, 7, 9), (5, 10, 11, 12), (13, 16, 1, 15)), ((4, 2, 6, 8), (3, 14, 7, 9), (5, 10, 11, 12), (13, 1, 16, 15)), ((4, 2, 6, 8), (3, 14, 7, 9), (5, 10, 11, 12), (13, 1, 15, 16)), ((4, 2, 6, 8), (3, 14, 7, 9), (5, 1, 11, 12), (13, 10, 15, 16)), ((4, 2, 6, 8), (3, 1, 7, 9), (5, 14, 11, 12), (13, 10, 15, 16)), ((4, 2, 6, 8), (1, 3, 7, 9), (5, 14, 11, 12), (13, 10, 15, 16)), ((4, 2, 6, 8), (1, 3, 7, 9), (5, 10, 11, 12), (13, 14, 15, 16)), ((4, 2, 6, 8), (1, 3, 9, 7), (5, 10, 11, 12), (13, 14, 15, 16)), ((4, 2, 6, 8), (1, 9, 3, 7), (5, 10, 11, 12), (13, 14, 15, 16)), ((4, 2, 3, 8), (1, 9, 6, 7), (5, 10, 11, 12), (13, 14, 15, 16)), ((4, 2, 3, 8), (1, 10, 6, 7), (5, 9, 11, 12), (13, 14, 15, 16)), ((4, 2, 3, 7), (1, 10, 6, 8), (5, 9, 11, 12), (13, 14, 15, 16)), ((2, 4, 3, 7), (1, 10, 6, 8), (5, 9, 11, 12), (13, 14, 15, 16)), ((2, 3, 4, 7), (1, 10, 6, 8), (5, 9, 11, 12), (13, 14, 15, 16)), ((2, 3, 7, 4), (1, 10, 6, 8), (5, 9, 11, 12), (13, 14, 15, 16)), ((2, 7, 3, 4), (1, 10, 6, 8), (5, 9, 11, 12), (13, 14, 15, 16)), ((7, 2, 3, 4), (1, 10, 6, 8), (5, 9, 11, 12), (13, 14, 15, 16)), ((1, 2, 3, 4), (7, 10, 6, 8), (5, 9, 11, 12), (13, 14, 15, 16)), ((1, 2, 3, 4), (5, 10, 6, 8), (7, 9, 11, 12), (13, 14, 15, 16)), ((1, 2, 3, 4), (5, 10, 6, 8), (9, 7, 11, 12), (13, 14, 15, 16)), ((1, 2, 3, 4), (5, 7, 6, 8), (9, 10, 11, 12), (13, 14, 15, 16)), ((1, 2, 3, 4), (5, 6, 7, 8), (9, 10, 11, 12), (13, 14, 15, 16))]



=== Puzzle 3 ===

Puzzle: ((5, 6, 2, 15), (10, 4, 13, 9), (3, 11, 7, 1), (8, 12, 14, 16))

Execution Time: 0.06082415580749512

Search Path: [((5, 6, 2, 15), (10, 4, 13, 9), (3, 11, 7, 1), (8, 12, 14, 16)), ((5, 6, 2, 15), (10, 13, 4, 9), (3, 11, 7, 1), (8, 12, 14, 16)), ((5, 6, 2, 15), (10, 13, 4, 1), (3, 11, 7, 9), (8, 12, 14, 16)), ((5, 6, 2, 15), (10, 13, 1, 4), (3, 11, 7, 9), (8, 12, 14, 16)), ((5, 6, 2, 4), (10, 13, 1, 15), (3, 11, 7, 9), (8, 12, 14, 16)), ((5, 6, 2, 4), (10, 13, 1, 15), (3, 11, 7, 9), (8, 14, 12, 16)), ((5, 6, 2, 4), (13, 10, 1, 15), (3, 11, 7, 9), (8, 14, 12, 16)), ((5, 6, 2, 4), (3, 10, 1, 15), (13, 11, 7, 9), (8, 14, 12, 16)), ((5, 6, 2, 4), (3, 10, 1, 15), (8, 11, 7, 9), (13, 14, 12, 16)), ((3, 6, 2, 4), (5, 10, 1, 15), (8, 11, 7, 9), (13, 14, 12, 16)), ((3, 6, 2, 4), (5, 1, 10, 15), (8, 11, 7, 9), (13, 14, 12, 16)), ((3, 1, 2, 4), (5, 6, 10, 15), (8, 11, 7, 9), (13, 14, 12, 16)), ((1, 3, 2, 4), (5, 6, 10, 15), (8, 11, 7, 9), (13, 14, 12, 16)), ((1, 2, 3, 4), (5, 6, 10, 15), (8, 11, 7, 9), (13, 14, 12, 16)), ((1, 2, 3, 4), (5, 6, 7, 15), (8, 11, 10, 9), (13, 14, 12, 16)), ((1, 2, 3, 4), (5, 6, 7, 15), (8, 10, 11, 9), (13, 14, 12, 16)), ((1, 2, 3, 4), (5, 6, 7, 15), (8, 10, 9, 11), (13, 14, 12, 16)), ((1, 2, 3, 4), (5, 6, 7, 15), (8, 9, 10, 11), (13, 14, 12, 16)), ((1, 2, 3, 4), (5, 6, 7, 15), (9, 8, 10, 11), (13, 14, 12, 16)), ((1, 2, 3, 4), (5, 6, 7, 15), (9, 10, 8, 11), (13, 14, 12, 16)), ((1, 2, 3, 4), (5, 6, 7, 15), (9, 10, 11, 8), (13, 14, 12, 16)), ((1, 2, 3, 4), (5, 6, 7, 8), (9, 10, 11, 15), (13, 14, 12, 16)), ((1, 2, 3, 4), (5, 6, 7, 8), (9, 10, 15, 11), (13, 14, 12, 16)), ((1, 2, 3, 4), (5, 6, 7, 8), (9, 10, 12, 11), (13, 14, 15, 16)), ((1, 2, 3, 4), (5, 6, 7, 8), (9, 10, 11, 12), (13, 14, 15, 16))]

Solution Path: [((5, 6, 2, 15), (10, 4, 13, 9), (3, 11, 7, 1), (8, 12, 14, 16)), ((5, 6, 2, 15), (10, 13, 4, 9), (3, 11, 7, 1), (8, 12, 14, 16)), ((5, 6, 2, 15), (10, 13, 4, 1), (3, 11, 7, 9), (8, 12, 14, 16)), ((5, 6, 2, 15), (10, 13, 1, 4), (3, 11, 7, 9), (8, 12, 14, 16)), ((5, 6, 2, 4), (10, 13, 1, 15), (3, 11, 7, 9), (8, 12, 14, 16)), ((5, 6, 2, 4), (10, 13, 1, 15), (3, 11, 7, 9), (8, 14, 12, 16)), ((5, 6, 2, 4), (13, 10, 1, 15), (3, 11, 7, 9), (8, 14, 12, 16)), ((5, 6, 2, 4), (3, 10, 1, 15), (13, 11, 7, 9), (8, 14, 12, 16)), ((5, 6, 2, 4), (3, 10, 1, 15), (8, 11, 7, 9), (13, 14, 12, 16)), ((3, 6, 2, 4), (5, 10, 1, 15), (8, 11, 7, 9), (13, 14, 12, 16)), ((3, 6, 2, 4), (5, 1, 10, 15), (8, 11, 7, 9), (13, 14, 12, 16)), ((3, 1, 2, 4), (5, 6, 10, 15), (8, 11, 7, 9), (13, 14, 12, 16)), ((1, 3, 2, 4), (5, 6, 10, 15), (8, 11, 7, 9), (13, 14, 12, 16)), ((1, 2, 3, 4), (5, 6, 10, 15), (8, 11, 7, 9), (13, 14, 12, 16)), ((1, 2, 3, 4), (5, 6, 7, 15), (8, 11, 10, 9), (13, 14, 12, 16)), ((1, 2, 3, 4), (5, 6, 7, 15), (8, 10, 11, 9), (13, 14, 12, 16)), ((1, 2, 3, 4), (5, 6, 7, 15), (8, 10, 9, 11), (13, 14, 12, 16)), ((1, 2, 3, 4), (5, 6, 7, 15), (8, 9, 10, 11), (13, 14, 12, 16)), ((1, 2, 3, 4), (5, 6, 7, 15), (9, 8, 10, 11), (13, 14, 12, 16)), ((1, 2, 3, 4), (5, 6, 7, 15), (9, 10, 8, 11), (13, 14, 12, 16)), ((1, 2, 3, 4), (5, 6, 7, 15), (9, 10, 11, 8), (13, 14, 12, 16)), ((1, 2, 3, 4), (5, 6, 7, 8), (9, 10, 11, 15), (13, 14, 12, 16)), ((1, 2, 3, 4), (5, 6, 7, 8), (9, 10, 15, 11), (13, 14, 12, 16)), ((1, 2, 3, 4), (5, 6, 7, 8), (9, 10, 12, 11), (13, 14, 15, 16)), ((1, 2, 3, 4), (5, 6, 7, 8), (9, 10, 11, 12), (13, 14, 15, 16))]



=== Puzzle 4 ===

Puzzle: ((13, 2, 15, 3), (16, 11, 1, 9), (8, 14, 5, 10), (7, 4, 6, 12))

Execution Time: 0.08208107948303223

Search Path: [((13, 2, 15, 3), (16, 11, 1, 9), (8, 14, 5, 10), (7, 4, 6, 12)), ((13, 2, 15, 3), (16, 11, 1, 9), (8, 4, 5, 10), (7, 14, 6, 12)), ((13, 2, 15, 3), (16, 11, 1, 9), (8, 5, 4, 10), (7, 14, 6, 12)), ((13, 2, 15, 3), (8, 11, 1, 9), (16, 5, 4, 10), (7, 14, 6, 12)), ((13, 2, 15, 3), (8, 11, 1, 9), (5, 16, 4, 10), (7, 14, 6, 12)), ((13, 2, 1, 3), (8, 11, 15, 9), (5, 16, 4, 10), (7, 14, 6, 12)), ((13, 2, 1, 3), (8, 11, 4, 9), (5, 16, 15, 10), (7, 14, 6, 12)), ((13, 2, 1, 3), (8, 11, 9, 4), (5, 16, 15, 10), (7, 14, 6, 12)), ((13, 2, 1, 3), (8, 11, 9, 4), (5, 16, 6, 10), (7, 14, 15, 12)), ((13, 2, 1, 3), (8, 11, 9, 4), (5, 6, 16, 10), (7, 14, 15, 12)), ((13, 2, 1, 3), (8, 11, 9, 4), (5, 6, 10, 16), (7, 14, 15, 12)), ((13, 2, 1, 3), (8, 11, 9, 4), (5, 6, 10, 12), (7, 14, 15, 16)), ((13, 2, 1, 3), (8, 9, 11, 4), (5, 6, 10, 12), (7, 14, 15, 16)), ((13, 2, 1, 3), (9, 8, 11, 4), (5, 6, 10, 12), (7, 14, 15, 16)), ((13, 2, 1, 3), (5, 8, 11, 4), (9, 6, 10, 12), (7, 14, 15, 16)), ((13, 2, 1, 3), (5, 11, 8, 4), (9, 6, 10, 12), (7, 14, 15, 16)), ((13, 2, 1, 3), (5, 6, 8, 4), (9, 11, 10, 12), (7, 14, 15, 16)), ((13, 2, 1, 3), (5, 6, 8, 4), (9, 10, 11, 12), (7, 14, 15, 16)), ((13, 2, 1, 4), (5, 6, 8, 3), (9, 10, 11, 12), (7, 14, 15, 16)), ((13, 2, 1, 4), (5, 6, 3, 8), (9, 10, 11, 12), (7, 14, 15, 16)), ((13, 1, 2, 4), (5, 6, 3, 8), (9, 10, 11, 12), (7, 14, 15, 16)), ((5, 1, 2, 4), (13, 6, 3, 8), (9, 10, 11, 12), (7, 14, 15, 16)), ((5, 1, 2, 4), (9, 6, 3, 8), (13, 10, 11, 12), (7, 14, 15, 16)), ((5, 1, 2, 4), (9, 6, 3, 8), (7, 10, 11, 12), (13, 14, 15, 16)), ((5, 1, 2, 4), (7, 6, 3, 8), (9, 10, 11, 12), (13, 14, 15, 16)), ((1, 5, 2, 4), (7, 6, 3, 8), (9, 10, 11, 12), (13, 14, 15, 16)), ((1, 6, 2, 4), (7, 5, 3, 8), (9, 10, 11, 12), (13, 14, 15, 16)), ((1, 6, 2, 4), (5, 7, 3, 8), (9, 10, 11, 12), (13, 14, 15, 16)), ((1, 2, 6, 4), (5, 7, 3, 8), (9, 10, 11, 12), (13, 14, 15, 16)), ((1, 2, 3, 4), (5, 7, 6, 8), (9, 10, 11, 12), (13, 14, 15, 16)), ((1, 2, 3, 4), (5, 6, 7, 8), (9, 10, 11, 12), (13, 14, 15, 16))]

Solution Path: [((13, 2, 15, 3), (16, 11, 1, 9), (8, 14, 5, 10), (7, 4, 6, 12)), ((13, 2, 15, 3), (16, 11, 1, 9), (8, 4, 5, 10), (7, 14, 6, 12)), ((13, 2, 15, 3), (16, 11, 1, 9), (8, 5, 4, 10), (7, 14, 6, 12)), ((13, 2, 15, 3), (8, 11, 1, 9), (16, 5, 4, 10), (7, 14, 6, 12)), ((13, 2, 15, 3), (8, 11, 1, 9), (5, 16, 4, 10), (7, 14, 6, 12)), ((13, 2, 1, 3), (8, 11, 15, 9), (5, 16, 4, 10), (7, 14, 6, 12)), ((13, 2, 1, 3), (8, 11, 4, 9), (5, 16, 15, 10), (7, 14, 6, 12)), ((13, 2, 1, 3), (8, 11, 9, 4), (5, 16, 15, 10), (7, 14, 6, 12)), ((13, 2, 1, 3), (8, 11, 9, 4), (5, 16, 6, 10), (7, 14, 15, 12)), ((13, 2, 1, 3), (8, 11, 9, 4), (5, 6, 16, 10), (7, 14, 15, 12)), ((13, 2, 1, 3), (8, 11, 9, 4), (5, 6, 10, 16), (7, 14, 15, 12)), ((13, 2, 1, 3), (8, 11, 9, 4), (5, 6, 10, 12), (7, 14, 15, 16)), ((13, 2, 1, 3), (8, 9, 11, 4), (5, 6, 10, 12), (7, 14, 15, 16)), ((13, 2, 1, 3), (9, 8, 11, 4), (5, 6, 10, 12), (7, 14, 15, 16)), ((13, 2, 1, 3), (5, 8, 11, 4), (9, 6, 10, 12), (7, 14, 15, 16)), ((13, 2, 1, 3), (5, 11, 8, 4), (9, 6, 10, 12), (7, 14, 15, 16)), ((13, 2, 1, 3), (5, 6, 8, 4), (9, 11, 10, 12), (7, 14, 15, 16)), ((13, 2, 1, 3), (5, 6, 8, 4), (9, 10, 11, 12), (7, 14, 15, 16)), ((13, 2, 1, 4), (5, 6, 8, 3), (9, 10, 11, 12), (7, 14, 15, 16)), ((13, 2, 1, 4), (5, 6, 3, 8), (9, 10, 11, 12), (7, 14, 15, 16)), ((13, 1, 2, 4), (5, 6, 3, 8), (9, 10, 11, 12), (7, 14, 15, 16)), ((5, 1, 2, 4), (13, 6, 3, 8), (9, 10, 11, 12), (7, 14, 15, 16)), ((5, 1, 2, 4), (9, 6, 3, 8), (13, 10, 11, 12), (7, 14, 15, 16)), ((5, 1, 2, 4), (9, 6, 3, 8), (7, 10, 11, 12), (13, 14, 15, 16)), ((5, 1, 2, 4), (7, 6, 3, 8), (9, 10, 11, 12), (13, 14, 15, 16)), ((1, 5, 2, 4), (7, 6, 3, 8), (9, 10, 11, 12), (13, 14, 15, 16)), ((1, 6, 2, 4), (7, 5, 3, 8), (9, 10, 11, 12), (13, 14, 15, 16)), ((1, 6, 2, 4), (5, 7, 3, 8), (9, 10, 11, 12), (13, 14, 15, 16)), ((1, 2, 6, 4), (5, 7, 3, 8), (9, 10, 11, 12), (13, 14, 15, 16)), ((1, 2, 3, 4), (5, 7, 6, 8), (9, 10, 11, 12), (13, 14, 15, 16)), ((1, 2, 3, 4), (5, 6, 7, 8), (9, 10, 11, 12), (13, 14, 15, 16))]



=== Puzzle 5 ===

Puzzle: ((6, 11, 16, 2), (3, 9, 15, 4), (5, 14, 8, 7), (13, 10, 12, 1))

Execution Time: 0.05802488327026367

Search Path: [((6, 11, 16, 2), (3, 9, 15, 4), (5, 14, 8, 7), (13, 10, 12, 1)), ((6, 11, 16, 2), (3, 9, 15, 4), (5, 14, 8, 7), (13, 10, 1, 12)), ((6, 11, 2, 16), (3, 9, 15, 4), (5, 14, 8, 7), (13, 10, 1, 12)), ((6, 11, 2, 4), (3, 9, 15, 16), (5, 14, 8, 7), (13, 10, 1, 12)), ((6, 11, 2, 4), (3, 9, 15, 7), (5, 14, 8, 16), (13, 10, 1, 12)), ((6, 11, 2, 4), (3, 9, 15, 7), (5, 14, 8, 12), (13, 10, 1, 16)), ((6, 11, 2, 4), (3, 9, 8, 7), (5, 14, 15, 12), (13, 10, 1, 16)), ((6, 11, 2, 4), (3, 9, 8, 7), (5, 14, 1, 12), (13, 10, 15, 16)), ((6, 11, 2, 4), (9, 3, 8, 7), (5, 14, 1, 12), (13, 10, 15, 16)), ((6, 11, 2, 4), (5, 3, 8, 7), (9, 14, 1, 12), (13, 10, 15, 16)), ((6, 11, 2, 4), (5, 3, 8, 7), (9, 10, 1, 12), (13, 14, 15, 16)), ((6, 11, 2, 4), (5, 3, 7, 8), (9, 10, 1, 12), (13, 14, 15, 16)), ((6, 2, 11, 4), (5, 3, 7, 8), (9, 10, 1, 12), (13, 14, 15, 16)), ((6, 2, 11, 4), (5, 3, 7, 8), (9, 1, 10, 12), (13, 14, 15, 16)), ((6, 2, 11, 4), (5, 3, 7, 8), (1, 9, 10, 12), (13, 14, 15, 16)), ((6, 2, 11, 4), (5, 7, 3, 8), (1, 9, 10, 12), (13, 14, 15, 16)), ((6, 2, 3, 4), (5, 7, 11, 8), (1, 9, 10, 12), (13, 14, 15, 16)), ((6, 2, 3, 4), (1, 7, 11, 8), (5, 9, 10, 12), (13, 14, 15, 16)), ((1, 2, 3, 4), (6, 7, 11, 8), (5, 9, 10, 12), (13, 14, 15, 16)), ((1, 2, 3, 4), (5, 7, 11, 8), (6, 9, 10, 12), (13, 14, 15, 16)), ((1, 2, 3, 4), (5, 7, 11, 8), (9, 6, 10, 12), (13, 14, 15, 16)), ((1, 2, 3, 4), (5, 7, 11, 8), (9, 10, 6, 12), (13, 14, 15, 16)), ((1, 2, 3, 4), (5, 7, 6, 8), (9, 10, 11, 12), (13, 14, 15, 16)), ((1, 2, 3, 4), (5, 6, 7, 8), (9, 10, 11, 12), (13, 14, 15, 16))]

Solution Path: [((6, 11, 16, 2), (3, 9, 15, 4), (5, 14, 8, 7), (13, 10, 12, 1)), ((6, 11, 16, 2), (3, 9, 15, 4), (5, 14, 8, 7), (13, 10, 1, 12)), ((6, 11, 2, 16), (3, 9, 15, 4), (5, 14, 8, 7), (13, 10, 1, 12)), ((6, 11, 2, 4), (3, 9, 15, 16), (5, 14, 8, 7), (13, 10, 1, 12)), ((6, 11, 2, 4), (3, 9, 15, 7), (5, 14, 8, 16), (13, 10, 1, 12)), ((6, 11, 2, 4), (3, 9, 15, 7), (5, 14, 8, 12), (13, 10, 1, 16)), ((6, 11, 2, 4), (3, 9, 8, 7), (5, 14, 15, 12), (13, 10, 1, 16)), ((6, 11, 2, 4), (3, 9, 8, 7), (5, 14, 1, 12), (13, 10, 15, 16)), ((6, 11, 2, 4), (9, 3, 8, 7), (5, 14, 1, 12), (13, 10, 15, 16)), ((6, 11, 2, 4), (5, 3, 8, 7), (9, 14, 1, 12), (13, 10, 15, 16)), ((6, 11, 2, 4), (5, 3, 8, 7), (9, 10, 1, 12), (13, 14, 15, 16)), ((6, 11, 2, 4), (5, 3, 7, 8), (9, 10, 1, 12), (13, 14, 15, 16)), ((6, 2, 11, 4), (5, 3, 7, 8), (9, 10, 1, 12), (13, 14, 15, 16)), ((6, 2, 11, 4), (5, 3, 7, 8), (9, 1, 10, 12), (13, 14, 15, 16)), ((6, 2, 11, 4), (5, 3, 7, 8), (1, 9, 10, 12), (13, 14, 15, 16)), ((6, 2, 11, 4), (5, 7, 3, 8), (1, 9, 10, 12), (13, 14, 15, 16)), ((6, 2, 3, 4), (5, 7, 11, 8), (1, 9, 10, 12), (13, 14, 15, 16)), ((6, 2, 3, 4), (1, 7, 11, 8), (5, 9, 10, 12), (13, 14, 15, 16)), ((1, 2, 3, 4), (6, 7, 11, 8), (5, 9, 10, 12), (13, 14, 15, 16)), ((1, 2, 3, 4), (5, 7, 11, 8), (6, 9, 10, 12), (13, 14, 15, 16)), ((1, 2, 3, 4), (5, 7, 11, 8), (9, 6, 10, 12), (13, 14, 15, 16)), ((1, 2, 3, 4), (5, 7, 11, 8), (9, 10, 6, 12), (13, 14, 15, 16)), ((1, 2, 3, 4), (5, 7, 6, 8), (9, 10, 11, 12), (13, 14, 15, 16)), ((1, 2, 3, 4), (5, 6, 7, 8), (9, 10, 11, 12), (13, 14, 15, 16))]



