Statistics: 

Total Execution Time: 0.4132108688354492

Total Search Path: 50

Total Solution Path: 50

Total No Solutions: 0

Average Execution Time: 0.4132108688354492

Average Search Path: 50.0

Average Solution Path: 50.0

Average No Solutions: 0.0





=== Puzzle 1 ===

Puzzle: ((4, 21, 16, 5, 2), (12, 3, 9, 17, 22), (15, 20, 8, 7, 24), (18, 14, 19, 6, 10), (1, 23, 25, 13, 11))

Execution Time: 0.4132108688354492

Search Path: [((4, 21, 16, 5, 2), (12, 3, 9, 17, 22), (15, 20, 8, 7, 24), (18, 14, 19, 6, 10), (1, 23, 25, 13, 11)), ((4, 21, 16, 2, 5), (12, 3, 9, 17, 22), (15, 20, 8, 7, 24), (18, 14, 19, 6, 10), (1, 23, 25, 13, 11)), ((21, 4, 16, 2, 5), (12, 3, 9, 17, 22), (15, 20, 8, 7, 24), (18, 14, 19, 6, 10), (1, 23, 25, 13, 11)), ((21, 4, 16, 2, 5), (12, 3, 9, 17, 22), (15, 20, 8, 7, 10), (18, 14, 19, 6, 24), (1, 23, 25, 13, 11)), ((21, 4, 16, 2, 5), (12, 3, 9, 17, 10), (15, 20, 8, 7, 22), (18, 14, 19, 6, 24), (1, 23, 25, 13, 11)), ((21, 16, 4, 2, 5), (12, 3, 9, 17, 10), (15, 20, 8, 7, 22), (18, 14, 19, 6, 24), (1, 23, 25, 13, 11)), ((21, 16, 2, 4, 5), (12, 3, 9, 17, 10), (15, 20, 8, 7, 22), (18, 14, 19, 6, 24), (1, 23, 25, 13, 11)), ((21, 16, 2, 4, 5), (12, 3, 9, 17, 10), (15, 20, 8, 7, 22), (18, 14, 19, 6, 11), (1, 23, 25, 13, 24)), ((21, 16, 2, 4, 5), (12, 3, 9, 17, 10), (15, 20, 8, 7, 22), (18, 14, 6, 19, 11), (1, 23, 25, 13, 24)), ((21, 16, 2, 4, 5), (12, 3, 9, 17, 10), (15, 20, 8, 7, 11), (18, 14, 6, 19, 22), (1, 23, 25, 13, 24)), ((21, 3, 2, 4, 5), (12, 16, 9, 17, 10), (15, 20, 8, 7, 11), (18, 14, 6, 19, 22), (1, 23, 25, 13, 24)), ((21, 2, 3, 4, 5), (12, 16, 9, 17, 10), (15, 20, 8, 7, 11), (18, 14, 6, 19, 22), (1, 23, 25, 13, 24)), ((21, 2, 3, 4, 5), (12, 16, 9, 17, 10), (15, 20, 8, 7, 11), (18, 14, 6, 19, 22), (1, 23, 13, 25, 24)), ((21, 2, 3, 4, 5), (12, 16, 9, 17, 10), (15, 20, 8, 7, 11), (18, 14, 6, 19, 22), (1, 23, 13, 24, 25)), ((21, 2, 3, 4, 5), (12, 16, 9, 17, 10), (15, 20, 8, 7, 11), (18, 6, 14, 19, 22), (1, 23, 13, 24, 25)), ((21, 2, 3, 4, 5), (12, 16, 9, 17, 10), (15, 6, 8, 7, 11), (18, 20, 14, 19, 22), (1, 23, 13, 24, 25)), ((21, 2, 3, 4, 5), (12, 6, 9, 17, 10), (15, 16, 8, 7, 11), (18, 20, 14, 19, 22), (1, 23, 13, 24, 25)), ((21, 2, 3, 4, 5), (12, 6, 9, 17, 10), (16, 15, 8, 7, 11), (18, 20, 14, 19, 22), (1, 23, 13, 24, 25)), ((21, 2, 3, 4, 5), (12, 6, 9, 7, 10), (16, 15, 8, 17, 11), (18, 20, 14, 19, 22), (1, 23, 13, 24, 25)), ((21, 2, 3, 4, 5), (12, 6, 7, 9, 10), (16, 15, 8, 17, 11), (18, 20, 14, 19, 22), (1, 23, 13, 24, 25)), ((21, 2, 3, 4, 5), (6, 12, 7, 9, 10), (16, 15, 8, 17, 11), (18, 20, 14, 19, 22), (1, 23, 13, 24, 25)), ((21, 2, 3, 4, 5), (6, 12, 7, 9, 10), (16, 15, 8, 17, 11), (1, 20, 14, 19, 22), (18, 23, 13, 24, 25)), ((21, 2, 3, 4, 5), (6, 12, 7, 9, 10), (1, 15, 8, 17, 11), (16, 20, 14, 19, 22), (18, 23, 13, 24, 25)), ((21, 2, 3, 4, 5), (6, 12, 7, 9, 10), (1, 15, 8, 17, 11), (16, 20, 14, 19, 22), (18, 13, 23, 24, 25)), ((21, 2, 3, 4, 5), (6, 12, 7, 9, 10), (1, 15, 8, 17, 11), (16, 14, 20, 19, 22), (18, 13, 23, 24, 25)), ((21, 2, 3, 4, 5), (6, 12, 7, 9, 10), (1, 15, 8, 17, 11), (16, 14, 20, 19, 22), (13, 18, 23, 24, 25)), ((21, 2, 3, 4, 5), (6, 12, 7, 9, 10), (1, 15, 8, 17, 11), (16, 14, 20, 22, 19), (13, 18, 23, 24, 25)), ((21, 2, 3, 4, 5), (6, 12, 7, 9, 10), (1, 15, 8, 17, 11), (16, 14, 22, 20, 19), (13, 18, 23, 24, 25)), ((21, 2, 3, 4, 5), (6, 12, 7, 9, 10), (1, 15, 8, 17, 11), (16, 14, 22, 19, 20), (13, 18, 23, 24, 25)), ((21, 2, 3, 4, 5), (6, 12, 7, 9, 10), (1, 15, 8, 17, 11), (16, 22, 14, 19, 20), (13, 18, 23, 24, 25)), ((21, 2, 3, 4, 5), (6, 12, 7, 9, 10), (1, 15, 8, 17, 11), (16, 18, 14, 19, 20), (13, 22, 23, 24, 25)), ((21, 2, 3, 4, 5), (6, 12, 7, 9, 10), (1, 15, 17, 8, 11), (16, 18, 14, 19, 20), (13, 22, 23, 24, 25)), ((21, 2, 3, 4, 5), (6, 12, 7, 9, 10), (1, 17, 15, 8, 11), (16, 18, 14, 19, 20), (13, 22, 23, 24, 25)), ((21, 2, 3, 4, 5), (6, 12, 7, 9, 10), (1, 17, 8, 15, 11), (16, 18, 14, 19, 20), (13, 22, 23, 24, 25)), ((21, 2, 3, 4, 5), (6, 12, 7, 9, 10), (1, 17, 8, 11, 15), (16, 18, 14, 19, 20), (13, 22, 23, 24, 25)), ((21, 2, 3, 4, 5), (6, 12, 7, 9, 10), (1, 17, 11, 8, 15), (16, 18, 14, 19, 20), (13, 22, 23, 24, 25)), ((21, 2, 3, 4, 5), (6, 12, 7, 9, 10), (1, 18, 11, 8, 15), (16, 17, 14, 19, 20), (13, 22, 23, 24, 25)), ((21, 2, 3, 4, 5), (6, 12, 7, 9, 10), (1, 11, 18, 8, 15), (16, 17, 14, 19, 20), (13, 22, 23, 24, 25)), ((21, 2, 3, 4, 5), (6, 12, 7, 9, 10), (1, 11, 14, 8, 15), (16, 17, 18, 19, 20), (13, 22, 23, 24, 25)), ((21, 2, 3, 4, 5), (6, 12, 7, 9, 10), (1, 11, 8, 14, 15), (16, 17, 18, 19, 20), (13, 22, 23, 24, 25)), ((21, 2, 3, 4, 5), (6, 7, 12, 9, 10), (1, 11, 8, 14, 15), (16, 17, 18, 19, 20), (13, 22, 23, 24, 25)), ((21, 2, 3, 4, 5), (6, 7, 8, 9, 10), (1, 11, 12, 14, 15), (16, 17, 18, 19, 20), (13, 22, 23, 24, 25)), ((21, 2, 3, 4, 5), (1, 7, 8, 9, 10), (6, 11, 12, 14, 15), (16, 17, 18, 19, 20), (13, 22, 23, 24, 25)), ((1, 2, 3, 4, 5), (21, 7, 8, 9, 10), (6, 11, 12, 14, 15), (16, 17, 18, 19, 20), (13, 22, 23, 24, 25)), ((1, 2, 3, 4, 5), (6, 7, 8, 9, 10), (21, 11, 12, 14, 15), (16, 17, 18, 19, 20), (13, 22, 23, 24, 25)), ((1, 2, 3, 4, 5), (6, 7, 8, 9, 10), (16, 11, 12, 14, 15), (21, 17, 18, 19, 20), (13, 22, 23, 24, 25)), ((1, 2, 3, 4, 5), (6, 7, 8, 9, 10), (16, 11, 12, 14, 15), (13, 17, 18, 19, 20), (21, 22, 23, 24, 25)), ((1, 2, 3, 4, 5), (6, 7, 8, 9, 10), (13, 11, 12, 14, 15), (16, 17, 18, 19, 20), (21, 22, 23, 24, 25)), ((1, 2, 3, 4, 5), (6, 7, 8, 9, 10), (11, 13, 12, 14, 15), (16, 17, 18, 19, 20), (21, 22, 23, 24, 25)), ((1, 2, 3, 4, 5), (6, 7, 8, 9, 10), (11, 12, 13, 14, 15), (16, 17, 18, 19, 20), (21, 22, 23, 24, 25))]

Solution Path: [((4, 21, 16, 5, 2), (12, 3, 9, 17, 22), (15, 20, 8, 7, 24), (18, 14, 19, 6, 10), (1, 23, 25, 13, 11)), ((4, 21, 16, 2, 5), (12, 3, 9, 17, 22), (15, 20, 8, 7, 24), (18, 14, 19, 6, 10), (1, 23, 25, 13, 11)), ((21, 4, 16, 2, 5), (12, 3, 9, 17, 22), (15, 20, 8, 7, 24), (18, 14, 19, 6, 10), (1, 23, 25, 13, 11)), ((21, 4, 16, 2, 5), (12, 3, 9, 17, 22), (15, 20, 8, 7, 10), (18, 14, 19, 6, 24), (1, 23, 25, 13, 11)), ((21, 4, 16, 2, 5), (12, 3, 9, 17, 10), (15, 20, 8, 7, 22), (18, 14, 19, 6, 24), (1, 23, 25, 13, 11)), ((21, 16, 4, 2, 5), (12, 3, 9, 17, 10), (15, 20, 8, 7, 22), (18, 14, 19, 6, 24), (1, 23, 25, 13, 11)), ((21, 16, 2, 4, 5), (12, 3, 9, 17, 10), (15, 20, 8, 7, 22), (18, 14, 19, 6, 24), (1, 23, 25, 13, 11)), ((21, 16, 2, 4, 5), (12, 3, 9, 17, 10), (15, 20, 8, 7, 22), (18, 14, 19, 6, 11), (1, 23, 25, 13, 24)), ((21, 16, 2, 4, 5), (12, 3, 9, 17, 10), (15, 20, 8, 7, 22), (18, 14, 6, 19, 11), (1, 23, 25, 13, 24)), ((21, 16, 2, 4, 5), (12, 3, 9, 17, 10), (15, 20, 8, 7, 11), (18, 14, 6, 19, 22), (1, 23, 25, 13, 24)), ((21, 3, 2, 4, 5), (12, 16, 9, 17, 10), (15, 20, 8, 7, 11), (18, 14, 6, 19, 22), (1, 23, 25, 13, 24)), ((21, 2, 3, 4, 5), (12, 16, 9, 17, 10), (15, 20, 8, 7, 11), (18, 14, 6, 19, 22), (1, 23, 25, 13, 24)), ((21, 2, 3, 4, 5), (12, 16, 9, 17, 10), (15, 20, 8, 7, 11), (18, 14, 6, 19, 22), (1, 23, 13, 25, 24)), ((21, 2, 3, 4, 5), (12, 16, 9, 17, 10), (15, 20, 8, 7, 11), (18, 14, 6, 19, 22), (1, 23, 13, 24, 25)), ((21, 2, 3, 4, 5), (12, 16, 9, 17, 10), (15, 20, 8, 7, 11), (18, 6, 14, 19, 22), (1, 23, 13, 24, 25)), ((21, 2, 3, 4, 5), (12, 16, 9, 17, 10), (15, 6, 8, 7, 11), (18, 20, 14, 19, 22), (1, 23, 13, 24, 25)), ((21, 2, 3, 4, 5), (12, 6, 9, 17, 10), (15, 16, 8, 7, 11), (18, 20, 14, 19, 22), (1, 23, 13, 24, 25)), ((21, 2, 3, 4, 5), (12, 6, 9, 17, 10), (16, 15, 8, 7, 11), (18, 20, 14, 19, 22), (1, 23, 13, 24, 25)), ((21, 2, 3, 4, 5), (12, 6, 9, 7, 10), (16, 15, 8, 17, 11), (18, 20, 14, 19, 22), (1, 23, 13, 24, 25)), ((21, 2, 3, 4, 5), (12, 6, 7, 9, 10), (16, 15, 8, 17, 11), (18, 20, 14, 19, 22), (1, 23, 13, 24, 25)), ((21, 2, 3, 4, 5), (6, 12, 7, 9, 10), (16, 15, 8, 17, 11), (18, 20, 14, 19, 22), (1, 23, 13, 24, 25)), ((21, 2, 3, 4, 5), (6, 12, 7, 9, 10), (16, 15, 8, 17, 11), (1, 20, 14, 19, 22), (18, 23, 13, 24, 25)), ((21, 2, 3, 4, 5), (6, 12, 7, 9, 10), (1, 15, 8, 17, 11), (16, 20, 14, 19, 22), (18, 23, 13, 24, 25)), ((21, 2, 3, 4, 5), (6, 12, 7, 9, 10), (1, 15, 8, 17, 11), (16, 20, 14, 19, 22), (18, 13, 23, 24, 25)), ((21, 2, 3, 4, 5), (6, 12, 7, 9, 10), (1, 15, 8, 17, 11), (16, 14, 20, 19, 22), (18, 13, 23, 24, 25)), ((21, 2, 3, 4, 5), (6, 12, 7, 9, 10), (1, 15, 8, 17, 11), (16, 14, 20, 19, 22), (13, 18, 23, 24, 25)), ((21, 2, 3, 4, 5), (6, 12, 7, 9, 10), (1, 15, 8, 17, 11), (16, 14, 20, 22, 19), (13, 18, 23, 24, 25)), ((21, 2, 3, 4, 5), (6, 12, 7, 9, 10), (1, 15, 8, 17, 11), (16, 14, 22, 20, 19), (13, 18, 23, 24, 25)), ((21, 2, 3, 4, 5), (6, 12, 7, 9, 10), (1, 15, 8, 17, 11), (16, 14, 22, 19, 20), (13, 18, 23, 24, 25)), ((21, 2, 3, 4, 5), (6, 12, 7, 9, 10), (1, 15, 8, 17, 11), (16, 22, 14, 19, 20), (13, 18, 23, 24, 25)), ((21, 2, 3, 4, 5), (6, 12, 7, 9, 10), (1, 15, 8, 17, 11), (16, 18, 14, 19, 20), (13, 22, 23, 24, 25)), ((21, 2, 3, 4, 5), (6, 12, 7, 9, 10), (1, 15, 17, 8, 11), (16, 18, 14, 19, 20), (13, 22, 23, 24, 25)), ((21, 2, 3, 4, 5), (6, 12, 7, 9, 10), (1, 17, 15, 8, 11), (16, 18, 14, 19, 20), (13, 22, 23, 24, 25)), ((21, 2, 3, 4, 5), (6, 12, 7, 9, 10), (1, 17, 8, 15, 11), (16, 18, 14, 19, 20), (13, 22, 23, 24, 25)), ((21, 2, 3, 4, 5), (6, 12, 7, 9, 10), (1, 17, 8, 11, 15), (16, 18, 14, 19, 20), (13, 22, 23, 24, 25)), ((21, 2, 3, 4, 5), (6, 12, 7, 9, 10), (1, 17, 11, 8, 15), (16, 18, 14, 19, 20), (13, 22, 23, 24, 25)), ((21, 2, 3, 4, 5), (6, 12, 7, 9, 10), (1, 18, 11, 8, 15), (16, 17, 14, 19, 20), (13, 22, 23, 24, 25)), ((21, 2, 3, 4, 5), (6, 12, 7, 9, 10), (1, 11, 18, 8, 15), (16, 17, 14, 19, 20), (13, 22, 23, 24, 25)), ((21, 2, 3, 4, 5), (6, 12, 7, 9, 10), (1, 11, 14, 8, 15), (16, 17, 18, 19, 20), (13, 22, 23, 24, 25)), ((21, 2, 3, 4, 5), (6, 12, 7, 9, 10), (1, 11, 8, 14, 15), (16, 17, 18, 19, 20), (13, 22, 23, 24, 25)), ((21, 2, 3, 4, 5), (6, 7, 12, 9, 10), (1, 11, 8, 14, 15), (16, 17, 18, 19, 20), (13, 22, 23, 24, 25)), ((21, 2, 3, 4, 5), (6, 7, 8, 9, 10), (1, 11, 12, 14, 15), (16, 17, 18, 19, 20), (13, 22, 23, 24, 25)), ((21, 2, 3, 4, 5), (1, 7, 8, 9, 10), (6, 11, 12, 14, 15), (16, 17, 18, 19, 20), (13, 22, 23, 24, 25)), ((1, 2, 3, 4, 5), (21, 7, 8, 9, 10), (6, 11, 12, 14, 15), (16, 17, 18, 19, 20), (13, 22, 23, 24, 25)), ((1, 2, 3, 4, 5), (6, 7, 8, 9, 10), (21, 11, 12, 14, 15), (16, 17, 18, 19, 20), (13, 22, 23, 24, 25)), ((1, 2, 3, 4, 5), (6, 7, 8, 9, 10), (16, 11, 12, 14, 15), (21, 17, 18, 19, 20), (13, 22, 23, 24, 25)), ((1, 2, 3, 4, 5), (6, 7, 8, 9, 10), (16, 11, 12, 14, 15), (13, 17, 18, 19, 20), (21, 22, 23, 24, 25)), ((1, 2, 3, 4, 5), (6, 7, 8, 9, 10), (13, 11, 12, 14, 15), (16, 17, 18, 19, 20), (21, 22, 23, 24, 25)), ((1, 2, 3, 4, 5), (6, 7, 8, 9, 10), (11, 13, 12, 14, 15), (16, 17, 18, 19, 20), (21, 22, 23, 24, 25)), ((1, 2, 3, 4, 5), (6, 7, 8, 9, 10), (11, 12, 13, 14, 15), (16, 17, 18, 19, 20), (21, 22, 23, 24, 25))]



