Statistics: 

Total Execution Time: 2.5046658515930176

Total Search Path: 90

Total Solution Path: 90

Total No Solutions: 0

Average Execution Time: 2.5046658515930176

Average Search Path: 90.0

Average Solution Path: 90.0

Average No Solutions: 0.0





=== Puzzle 1 ===

Puzzle: ((28, 9, 8, 7, 4, 25), (36, 32, 21, 35, 24, 10), (27, 31, 20, 34, 1, 5), (19, 26, 22, 15, 11, 29), (6, 30, 13, 12, 3, 14), (33, 17, 16, 2, 18, 23))

Execution Time: 2.5046658515930176

Search Path: [((28, 9, 8, 7, 4, 25), (36, 32, 21, 35, 24, 10), (27, 31, 20, 34, 1, 5), (19, 26, 22, 15, 11, 29), (6, 30, 13, 12, 3, 14), (33, 17, 16, 2, 18, 23)), ((28, 9, 8, 7, 4, 25), (36, 32, 21, 35, 1, 10), (27, 31, 20, 34, 24, 5), (19, 26, 22, 15, 11, 29), (6, 30, 13, 12, 3, 14), (33, 17, 16, 2, 18, 23)), ((28, 9, 8, 7, 4, 25), (36, 32, 21, 1, 35, 10), (27, 31, 20, 34, 24, 5), (19, 26, 22, 15, 11, 29), (6, 30, 13, 12, 3, 14), (33, 17, 16, 2, 18, 23)), ((28, 9, 8, 1, 4, 25), (36, 32, 21, 7, 35, 10), (27, 31, 20, 34, 24, 5), (19, 26, 22, 15, 11, 29), (6, 30, 13, 12, 3, 14), (33, 17, 16, 2, 18, 23)), ((28, 9, 8, 1, 4, 25), (36, 32, 21, 7, 35, 10), (27, 31, 20, 34, 24, 5), (19, 26, 22, 15, 11, 29), (6, 30, 13, 3, 12, 14), (33, 17, 16, 2, 18, 23)), ((28, 9, 8, 1, 4, 25), (36, 32, 21, 7, 35, 10), (27, 31, 20, 34, 24, 5), (19, 26, 22, 15, 11, 29), (6, 13, 30, 3, 12, 14), (33, 17, 16, 2, 18, 23)), ((28, 9, 8, 1, 4, 25), (36, 32, 21, 7, 35, 10), (27, 31, 20, 34, 24, 5), (19, 26, 22, 15, 11, 29), (13, 6, 30, 3, 12, 14), (33, 17, 16, 2, 18, 23)), ((28, 9, 8, 1, 4, 25), (36, 32, 21, 7, 35, 10), (27, 31, 20, 34, 24, 5), (19, 6, 22, 15, 11, 29), (13, 26, 30, 3, 12, 14), (33, 17, 16, 2, 18, 23)), ((28, 9, 8, 1, 4, 25), (36, 32, 21, 7, 35, 10), (27, 6, 20, 34, 24, 5), (19, 31, 22, 15, 11, 29), (13, 26, 30, 3, 12, 14), (33, 17, 16, 2, 18, 23)), ((28, 9, 8, 1, 4, 25), (36, 6, 21, 7, 35, 10), (27, 32, 20, 34, 24, 5), (19, 31, 22, 15, 11, 29), (13, 26, 30, 3, 12, 14), (33, 17, 16, 2, 18, 23)), ((28, 9, 8, 1, 4, 25), (36, 6, 21, 7, 35, 10), (27, 32, 20, 34, 24, 5), (19, 31, 22, 15, 11, 29), (13, 26, 3, 30, 12, 14), (33, 17, 16, 2, 18, 23)), ((28, 9, 8, 1, 4, 25), (36, 6, 21, 7, 35, 10), (27, 32, 20, 34, 5, 24), (19, 31, 22, 15, 11, 29), (13, 26, 3, 30, 12, 14), (33, 17, 16, 2, 18, 23)), ((28, 9, 8, 1, 4, 25), (36, 6, 21, 7, 5, 10), (27, 32, 20, 34, 35, 24), (19, 31, 22, 15, 11, 29), (13, 26, 3, 30, 12, 14), (33, 17, 16, 2, 18, 23)), ((28, 9, 8, 1, 4, 25), (36, 6, 21, 7, 5, 10), (27, 32, 20, 34, 11, 24), (19, 31, 22, 15, 35, 29), (13, 26, 3, 30, 12, 14), (33, 17, 16, 2, 18, 23)), ((28, 9, 8, 1, 4, 25), (36, 6, 21, 7, 5, 10), (27, 32, 20, 34, 11, 24), (19, 31, 22, 15, 12, 29), (13, 26, 3, 30, 35, 14), (33, 17, 16, 2, 18, 23)), ((28, 9, 8, 1, 4, 25), (36, 6, 21, 7, 5, 10), (27, 32, 20, 34, 11, 24), (19, 31, 22, 15, 12, 29), (13, 26, 3, 30, 18, 14), (33, 17, 16, 2, 35, 23)), ((28, 9, 8, 1, 4, 25), (36, 6, 21, 7, 5, 10), (27, 32, 20, 34, 11, 24), (19, 31, 22, 15, 29, 12), (13, 26, 3, 30, 18, 14), (33, 17, 16, 2, 35, 23)), ((28, 9, 8, 1, 4, 25), (36, 6, 21, 7, 5, 10), (27, 32, 20, 34, 11, 12), (19, 31, 22, 15, 29, 24), (13, 26, 3, 30, 18, 14), (33, 17, 16, 2, 35, 23)), ((28, 6, 8, 1, 4, 25), (36, 9, 21, 7, 5, 10), (27, 32, 20, 34, 11, 12), (19, 31, 22, 15, 29, 24), (13, 26, 3, 30, 18, 14), (33, 17, 16, 2, 35, 23)), ((28, 8, 6, 1, 4, 25), (36, 9, 21, 7, 5, 10), (27, 32, 20, 34, 11, 12), (19, 31, 22, 15, 29, 24), (13, 26, 3, 30, 18, 14), (33, 17, 16, 2, 35, 23)), ((28, 8, 1, 6, 4, 25), (36, 9, 21, 7, 5, 10), (27, 32, 20, 34, 11, 12), (19, 31, 22, 15, 29, 24), (13, 26, 3, 30, 18, 14), (33, 17, 16, 2, 35, 23)), ((28, 8, 1, 4, 6, 25), (36, 9, 21, 7, 5, 10), (27, 32, 20, 34, 11, 12), (19, 31, 22, 15, 29, 24), (13, 26, 3, 30, 18, 14), (33, 17, 16, 2, 35, 23)), ((28, 8, 1, 4, 25, 6), (36, 9, 21, 7, 5, 10), (27, 32, 20, 34, 11, 12), (19, 31, 22, 15, 29, 24), (13, 26, 3, 30, 18, 14), (33, 17, 16, 2, 35, 23)), ((28, 8, 1, 4, 5, 6), (36, 9, 21, 7, 25, 10), (27, 32, 20, 34, 11, 12), (19, 31, 22, 15, 29, 24), (13, 26, 3, 30, 18, 14), (33, 17, 16, 2, 35, 23)), ((28, 8, 1, 4, 5, 6), (36, 9, 21, 7, 11, 10), (27, 32, 20, 34, 25, 12), (19, 31, 22, 15, 29, 24), (13, 26, 3, 30, 18, 14), (33, 17, 16, 2, 35, 23)), ((28, 8, 1, 4, 5, 6), (36, 9, 21, 7, 11, 10), (27, 32, 20, 34, 25, 12), (19, 31, 22, 15, 18, 24), (13, 26, 3, 30, 29, 14), (33, 17, 16, 2, 35, 23)), ((28, 8, 1, 4, 5, 6), (36, 9, 21, 7, 11, 10), (27, 32, 20, 34, 18, 12), (19, 31, 22, 15, 25, 24), (13, 26, 3, 30, 29, 14), (33, 17, 16, 2, 35, 23)), ((28, 8, 1, 4, 5, 6), (36, 9, 21, 7, 11, 10), (27, 32, 20, 34, 18, 12), (19, 31, 22, 15, 25, 24), (13, 26, 3, 30, 29, 14), (33, 17, 2, 16, 35, 23)), ((28, 8, 1, 4, 5, 6), (36, 9, 21, 7, 11, 10), (27, 32, 20, 34, 18, 12), (19, 31, 22, 15, 25, 24), (13, 26, 3, 30, 29, 14), (33, 2, 17, 16, 35, 23)), ((28, 8, 1, 4, 5, 6), (36, 9, 21, 7, 11, 10), (27, 32, 20, 15, 18, 12), (19, 31, 22, 34, 25, 24), (13, 26, 3, 30, 29, 14), (33, 2, 17, 16, 35, 23)), ((28, 8, 1, 4, 5, 6), (36, 9, 7, 21, 11, 10), (27, 32, 20, 15, 18, 12), (19, 31, 22, 34, 25, 24), (13, 26, 3, 30, 29, 14), (33, 2, 17, 16, 35, 23)), ((28, 8, 1, 4, 5, 6), (36, 7, 9, 21, 11, 10), (27, 32, 20, 15, 18, 12), (19, 31, 22, 34, 25, 24), (13, 26, 3, 30, 29, 14), (33, 2, 17, 16, 35, 23)), ((28, 8, 1, 4, 5, 6), (7, 36, 9, 21, 11, 10), (27, 32, 20, 15, 18, 12), (19, 31, 22, 34, 25, 24), (13, 26, 3, 30, 29, 14), (33, 2, 17, 16, 35, 23)), ((28, 8, 1, 4, 5, 6), (7, 9, 36, 21, 11, 10), (27, 32, 20, 15, 18, 12), (19, 31, 22, 34, 25, 24), (13, 26, 3, 30, 29, 14), (33, 2, 17, 16, 35, 23)), ((28, 8, 1, 4, 5, 6), (7, 9, 21, 36, 11, 10), (27, 32, 20, 15, 18, 12), (19, 31, 22, 34, 25, 24), (13, 26, 3, 30, 29, 14), (33, 2, 17, 16, 35, 23)), ((28, 8, 1, 4, 5, 6), (7, 9, 21, 15, 11, 10), (27, 32, 20, 36, 18, 12), (19, 31, 22, 34, 25, 24), (13, 26, 3, 30, 29, 14), (33, 2, 17, 16, 35, 23)), ((28, 8, 1, 4, 5, 6), (7, 9, 21, 15, 11, 10), (27, 32, 20, 36, 18, 12), (19, 31, 3, 34, 25, 24), (13, 26, 22, 30, 29, 14), (33, 2, 17, 16, 35, 23)), ((28, 8, 1, 4, 5, 6), (7, 9, 21, 15, 11, 10), (27, 32, 3, 36, 18, 12), (19, 31, 20, 34, 25, 24), (13, 26, 22, 30, 29, 14), (33, 2, 17, 16, 35, 23)), ((28, 8, 1, 4, 5, 6), (7, 9, 3, 15, 11, 10), (27, 32, 21, 36, 18, 12), (19, 31, 20, 34, 25, 24), (13, 26, 22, 30, 29, 14), (33, 2, 17, 16, 35, 23)), ((28, 8, 1, 4, 5, 6), (7, 9, 3, 15, 11, 10), (27, 32, 21, 36, 18, 12), (19, 26, 20, 34, 25, 24), (13, 31, 22, 30, 29, 14), (33, 2, 17, 16, 35, 23)), ((28, 8, 1, 4, 5, 6), (7, 9, 3, 15, 11, 10), (27, 32, 21, 36, 18, 12), (19, 26, 20, 34, 25, 24), (13, 2, 22, 30, 29, 14), (33, 31, 17, 16, 35, 23)), ((28, 8, 1, 4, 5, 6), (7, 9, 3, 15, 11, 10), (27, 32, 21, 36, 18, 12), (19, 26, 20, 34, 25, 24), (13, 2, 22, 30, 29, 14), (31, 33, 17, 16, 35, 23)), ((28, 8, 1, 4, 5, 6), (7, 9, 3, 15, 11, 10), (27, 32, 21, 36, 18, 12), (19, 2, 20, 34, 25, 24), (13, 26, 22, 30, 29, 14), (31, 33, 17, 16, 35, 23)), ((28, 8, 1, 4, 5, 6), (7, 9, 3, 15, 11, 10), (27, 2, 21, 36, 18, 12), (19, 32, 20, 34, 25, 24), (13, 26, 22, 30, 29, 14), (31, 33, 17, 16, 35, 23)), ((28, 8, 1, 4, 5, 6), (7, 9, 3, 15, 11, 10), (27, 2, 21, 18, 36, 12), (19, 32, 20, 34, 25, 24), (13, 26, 22, 30, 29, 14), (31, 33, 17, 16, 35, 23)), ((28, 8, 1, 4, 5, 6), (7, 9, 3, 15, 11, 12), (27, 2, 21, 18, 36, 10), (19, 32, 20, 34, 25, 24), (13, 26, 22, 30, 29, 14), (31, 33, 17, 16, 35, 23)), ((28, 8, 1, 4, 5, 6), (7, 9, 3, 15, 11, 12), (27, 2, 21, 18, 10, 36), (19, 32, 20, 34, 25, 24), (13, 26, 22, 30, 29, 14), (31, 33, 17, 16, 35, 23)), ((28, 8, 1, 4, 5, 6), (7, 9, 3, 15, 11, 12), (27, 2, 21, 10, 18, 36), (19, 32, 20, 34, 25, 24), (13, 26, 22, 30, 29, 14), (31, 33, 17, 16, 35, 23)), ((28, 8, 1, 4, 5, 6), (7, 9, 3, 10, 11, 12), (27, 2, 21, 15, 18, 36), (19, 32, 20, 34, 25, 24), (13, 26, 22, 30, 29, 14), (31, 33, 17, 16, 35, 23)), ((28, 8, 1, 4, 5, 6), (7, 9, 3, 10, 11, 12), (27, 2, 21, 15, 18, 24), (19, 32, 20, 34, 25, 36), (13, 26, 22, 30, 29, 14), (31, 33, 17, 16, 35, 23)), ((28, 8, 1, 4, 5, 6), (7, 9, 3, 10, 11, 12), (27, 2, 21, 15, 18, 24), (19, 32, 20, 34, 25, 14), (13, 26, 22, 30, 29, 36), (31, 33, 17, 16, 35, 23)), ((28, 8, 1, 4, 5, 6), (7, 9, 3, 10, 11, 12), (27, 2, 21, 15, 18, 24), (19, 32, 20, 34, 25, 14), (13, 26, 22, 30, 29, 23), (31, 33, 17, 16, 35, 36)), ((28, 8, 1, 4, 5, 6), (7, 9, 3, 10, 11, 12), (27, 2, 21, 15, 18, 14), (19, 32, 20, 34, 25, 24), (13, 26, 22, 30, 29, 23), (31, 33, 17, 16, 35, 36)), ((28, 8, 1, 4, 5, 6), (7, 9, 3, 10, 11, 12), (27, 2, 21, 15, 14, 18), (19, 32, 20, 34, 25, 24), (13, 26, 22, 30, 29, 23), (31, 33, 17, 16, 35, 36)), ((28, 8, 1, 4, 5, 6), (7, 2, 3, 10, 11, 12), (27, 9, 21, 15, 14, 18), (19, 32, 20, 34, 25, 24), (13, 26, 22, 30, 29, 23), (31, 33, 17, 16, 35, 36)), ((28, 2, 1, 4, 5, 6), (7, 8, 3, 10, 11, 12), (27, 9, 21, 15, 14, 18), (19, 32, 20, 34, 25, 24), (13, 26, 22, 30, 29, 23), (31, 33, 17, 16, 35, 36)), ((28, 2, 1, 4, 5, 6), (7, 8, 3, 10, 11, 12), (27, 9, 21, 15, 14, 18), (19, 32, 20, 34, 25, 24), (13, 26, 22, 30, 29, 23), (31, 33, 16, 17, 35, 36)), ((28, 2, 1, 4, 5, 6), (7, 8, 3, 10, 11, 12), (27, 9, 21, 15, 14, 18), (19, 32, 20, 34, 25, 24), (13, 26, 22, 30, 29, 23), (31, 16, 33, 17, 35, 36)), ((28, 2, 1, 4, 5, 6), (7, 8, 3, 10, 11, 12), (27, 9, 21, 15, 14, 18), (19, 32, 20, 34, 25, 24), (13, 26, 22, 29, 30, 23), (31, 16, 33, 17, 35, 36)), ((28, 2, 1, 4, 5, 6), (7, 8, 3, 10, 11, 12), (27, 9, 21, 15, 14, 18), (19, 32, 20, 34, 25, 24), (13, 26, 22, 29, 23, 30), (31, 16, 33, 17, 35, 36)), ((28, 2, 1, 4, 5, 6), (7, 8, 3, 10, 11, 12), (27, 9, 21, 15, 14, 18), (19, 32, 20, 34, 23, 24), (13, 26, 22, 29, 25, 30), (31, 16, 33, 17, 35, 36)), ((28, 2, 1, 4, 5, 6), (7, 8, 3, 10, 11, 12), (27, 9, 21, 15, 14, 18), (19, 32, 20, 34, 23, 24), (13, 26, 22, 25, 29, 30), (31, 16, 33, 17, 35, 36)), ((28, 2, 1, 4, 5, 6), (7, 8, 3, 10, 11, 12), (27, 9, 21, 15, 14, 18), (19, 32, 20, 34, 23, 24), (13, 26, 25, 22, 29, 30), (31, 16, 33, 17, 35, 36)), ((28, 2, 1, 4, 5, 6), (7, 8, 3, 10, 11, 12), (27, 9, 21, 15, 14, 18), (19, 32, 20, 22, 23, 24), (13, 26, 25, 34, 29, 30), (31, 16, 33, 17, 35, 36)), ((28, 2, 1, 4, 5, 6), (7, 8, 3, 10, 11, 12), (27, 9, 21, 15, 14, 18), (19, 32, 20, 22, 23, 24), (13, 26, 25, 17, 29, 30), (31, 16, 33, 34, 35, 36)), ((28, 2, 1, 4, 5, 6), (7, 8, 3, 10, 11, 12), (27, 9, 21, 15, 14, 18), (19, 32, 20, 22, 23, 24), (13, 25, 26, 17, 29, 30), (31, 16, 33, 34, 35, 36)), ((28, 2, 1, 4, 5, 6), (7, 8, 3, 10, 11, 12), (27, 9, 21, 15, 14, 18), (19, 32, 20, 22, 23, 24), (25, 13, 26, 17, 29, 30), (31, 16, 33, 34, 35, 36)), ((28, 2, 1, 4, 5, 6), (7, 8, 3, 10, 11, 12), (27, 9, 21, 15, 14, 18), (19, 13, 20, 22, 23, 24), (25, 32, 26, 17, 29, 30), (31, 16, 33, 34, 35, 36)), ((28, 2, 1, 4, 5, 6), (7, 8, 3, 10, 11, 12), (27, 9, 21, 15, 14, 18), (19, 13, 20, 22, 23, 24), (25, 16, 26, 17, 29, 30), (31, 32, 33, 34, 35, 36)), ((28, 2, 1, 4, 5, 6), (7, 8, 3, 10, 11, 12), (27, 9, 21, 15, 14, 18), (19, 13, 20, 22, 23, 24), (25, 26, 16, 17, 29, 30), (31, 32, 33, 34, 35, 36)), ((28, 2, 1, 4, 5, 6), (7, 8, 3, 10, 11, 12), (27, 9, 21, 15, 14, 18), (19, 13, 20, 17, 23, 24), (25, 26, 16, 22, 29, 30), (31, 32, 33, 34, 35, 36)), ((28, 2, 1, 4, 5, 6), (7, 8, 3, 10, 11, 12), (27, 9, 21, 14, 15, 18), (19, 13, 20, 17, 23, 24), (25, 26, 16, 22, 29, 30), (31, 32, 33, 34, 35, 36)), ((28, 2, 1, 4, 5, 6), (7, 8, 3, 10, 11, 12), (27, 9, 14, 21, 15, 18), (19, 13, 20, 17, 23, 24), (25, 26, 16, 22, 29, 30), (31, 32, 33, 34, 35, 36)), ((28, 2, 1, 4, 5, 6), (7, 8, 3, 10, 11, 12), (27, 14, 9, 21, 15, 18), (19, 13, 20, 17, 23, 24), (25, 26, 16, 22, 29, 30), (31, 32, 33, 34, 35, 36)), ((28, 2, 1, 4, 5, 6), (7, 8, 3, 10, 11, 12), (27, 14, 9, 17, 15, 18), (19, 13, 20, 21, 23, 24), (25, 26, 16, 22, 29, 30), (31, 32, 33, 34, 35, 36)), ((28, 2, 1, 4, 5, 6), (7, 8, 3, 10, 11, 12), (27, 14, 9, 15, 17, 18), (19, 13, 20, 21, 23, 24), (25, 26, 16, 22, 29, 30), (31, 32, 33, 34, 35, 36)), ((28, 2, 1, 4, 5, 6), (7, 8, 3, 10, 11, 12), (27, 13, 9, 15, 17, 18), (19, 14, 20, 21, 23, 24), (25, 26, 16, 22, 29, 30), (31, 32, 33, 34, 35, 36)), ((28, 2, 1, 4, 5, 6), (7, 8, 3, 10, 11, 12), (13, 27, 9, 15, 17, 18), (19, 14, 20, 21, 23, 24), (25, 26, 16, 22, 29, 30), (31, 32, 33, 34, 35, 36)), ((28, 2, 1, 4, 5, 6), (7, 8, 3, 10, 11, 12), (13, 14, 9, 15, 17, 18), (19, 27, 20, 21, 23, 24), (25, 26, 16, 22, 29, 30), (31, 32, 33, 34, 35, 36)), ((28, 2, 1, 4, 5, 6), (7, 8, 3, 10, 11, 12), (13, 14, 9, 15, 17, 18), (19, 20, 27, 21, 23, 24), (25, 26, 16, 22, 29, 30), (31, 32, 33, 34, 35, 36)), ((28, 2, 1, 4, 5, 6), (7, 8, 3, 10, 11, 12), (13, 14, 9, 15, 17, 18), (19, 20, 16, 21, 23, 24), (25, 26, 27, 22, 29, 30), (31, 32, 33, 34, 35, 36)), ((28, 2, 1, 4, 5, 6), (7, 8, 3, 10, 11, 12), (13, 14, 9, 15, 17, 18), (19, 20, 21, 16, 23, 24), (25, 26, 27, 22, 29, 30), (31, 32, 33, 34, 35, 36)), ((28, 1, 2, 4, 5, 6), (7, 8, 3, 10, 11, 12), (13, 14, 9, 15, 17, 18), (19, 20, 21, 16, 23, 24), (25, 26, 27, 22, 29, 30), (31, 32, 33, 34, 35, 36)), ((1, 28, 2, 4, 5, 6), (7, 8, 3, 10, 11, 12), (13, 14, 9, 15, 17, 18), (19, 20, 21, 16, 23, 24), (25, 26, 27, 22, 29, 30), (31, 32, 33, 34, 35, 36)), ((1, 2, 28, 4, 5, 6), (7, 8, 3, 10, 11, 12), (13, 14, 9, 15, 17, 18), (19, 20, 21, 16, 23, 24), (25, 26, 27, 22, 29, 30), (31, 32, 33, 34, 35, 36)), ((1, 2, 3, 4, 5, 6), (7, 8, 28, 10, 11, 12), (13, 14, 9, 15, 17, 18), (19, 20, 21, 16, 23, 24), (25, 26, 27, 22, 29, 30), (31, 32, 33, 34, 35, 36)), ((1, 2, 3, 4, 5, 6), (7, 8, 9, 10, 11, 12), (13, 14, 28, 15, 17, 18), (19, 20, 21, 16, 23, 24), (25, 26, 27, 22, 29, 30), (31, 32, 33, 34, 35, 36)), ((1, 2, 3, 4, 5, 6), (7, 8, 9, 10, 11, 12), (13, 14, 15, 28, 17, 18), (19, 20, 21, 16, 23, 24), (25, 26, 27, 22, 29, 30), (31, 32, 33, 34, 35, 36)), ((1, 2, 3, 4, 5, 6), (7, 8, 9, 10, 11, 12), (13, 14, 15, 16, 17, 18), (19, 20, 21, 28, 23, 24), (25, 26, 27, 22, 29, 30), (31, 32, 33, 34, 35, 36)), ((1, 2, 3, 4, 5, 6), (7, 8, 9, 10, 11, 12), (13, 14, 15, 16, 17, 18), (19, 20, 21, 22, 23, 24), (25, 26, 27, 28, 29, 30), (31, 32, 33, 34, 35, 36))]

Solution Path: [((28, 9, 8, 7, 4, 25), (36, 32, 21, 35, 24, 10), (27, 31, 20, 34, 1, 5), (19, 26, 22, 15, 11, 29), (6, 30, 13, 12, 3, 14), (33, 17, 16, 2, 18, 23)), ((28, 9, 8, 7, 4, 25), (36, 32, 21, 35, 1, 10), (27, 31, 20, 34, 24, 5), (19, 26, 22, 15, 11, 29), (6, 30, 13, 12, 3, 14), (33, 17, 16, 2, 18, 23)), ((28, 9, 8, 7, 4, 25), (36, 32, 21, 1, 35, 10), (27, 31, 20, 34, 24, 5), (19, 26, 22, 15, 11, 29), (6, 30, 13, 12, 3, 14), (33, 17, 16, 2, 18, 23)), ((28, 9, 8, 1, 4, 25), (36, 32, 21, 7, 35, 10), (27, 31, 20, 34, 24, 5), (19, 26, 22, 15, 11, 29), (6, 30, 13, 12, 3, 14), (33, 17, 16, 2, 18, 23)), ((28, 9, 8, 1, 4, 25), (36, 32, 21, 7, 35, 10), (27, 31, 20, 34, 24, 5), (19, 26, 22, 15, 11, 29), (6, 30, 13, 3, 12, 14), (33, 17, 16, 2, 18, 23)), ((28, 9, 8, 1, 4, 25), (36, 32, 21, 7, 35, 10), (27, 31, 20, 34, 24, 5), (19, 26, 22, 15, 11, 29), (6, 13, 30, 3, 12, 14), (33, 17, 16, 2, 18, 23)), ((28, 9, 8, 1, 4, 25), (36, 32, 21, 7, 35, 10), (27, 31, 20, 34, 24, 5), (19, 26, 22, 15, 11, 29), (13, 6, 30, 3, 12, 14), (33, 17, 16, 2, 18, 23)), ((28, 9, 8, 1, 4, 25), (36, 32, 21, 7, 35, 10), (27, 31, 20, 34, 24, 5), (19, 6, 22, 15, 11, 29), (13, 26, 30, 3, 12, 14), (33, 17, 16, 2, 18, 23)), ((28, 9, 8, 1, 4, 25), (36, 32, 21, 7, 35, 10), (27, 6, 20, 34, 24, 5), (19, 31, 22, 15, 11, 29), (13, 26, 30, 3, 12, 14), (33, 17, 16, 2, 18, 23)), ((28, 9, 8, 1, 4, 25), (36, 6, 21, 7, 35, 10), (27, 32, 20, 34, 24, 5), (19, 31, 22, 15, 11, 29), (13, 26, 30, 3, 12, 14), (33, 17, 16, 2, 18, 23)), ((28, 9, 8, 1, 4, 25), (36, 6, 21, 7, 35, 10), (27, 32, 20, 34, 24, 5), (19, 31, 22, 15, 11, 29), (13, 26, 3, 30, 12, 14), (33, 17, 16, 2, 18, 23)), ((28, 9, 8, 1, 4, 25), (36, 6, 21, 7, 35, 10), (27, 32, 20, 34, 5, 24), (19, 31, 22, 15, 11, 29), (13, 26, 3, 30, 12, 14), (33, 17, 16, 2, 18, 23)), ((28, 9, 8, 1, 4, 25), (36, 6, 21, 7, 5, 10), (27, 32, 20, 34, 35, 24), (19, 31, 22, 15, 11, 29), (13, 26, 3, 30, 12, 14), (33, 17, 16, 2, 18, 23)), ((28, 9, 8, 1, 4, 25), (36, 6, 21, 7, 5, 10), (27, 32, 20, 34, 11, 24), (19, 31, 22, 15, 35, 29), (13, 26, 3, 30, 12, 14), (33, 17, 16, 2, 18, 23)), ((28, 9, 8, 1, 4, 25), (36, 6, 21, 7, 5, 10), (27, 32, 20, 34, 11, 24), (19, 31, 22, 15, 12, 29), (13, 26, 3, 30, 35, 14), (33, 17, 16, 2, 18, 23)), ((28, 9, 8, 1, 4, 25), (36, 6, 21, 7, 5, 10), (27, 32, 20, 34, 11, 24), (19, 31, 22, 15, 12, 29), (13, 26, 3, 30, 18, 14), (33, 17, 16, 2, 35, 23)), ((28, 9, 8, 1, 4, 25), (36, 6, 21, 7, 5, 10), (27, 32, 20, 34, 11, 24), (19, 31, 22, 15, 29, 12), (13, 26, 3, 30, 18, 14), (33, 17, 16, 2, 35, 23)), ((28, 9, 8, 1, 4, 25), (36, 6, 21, 7, 5, 10), (27, 32, 20, 34, 11, 12), (19, 31, 22, 15, 29, 24), (13, 26, 3, 30, 18, 14), (33, 17, 16, 2, 35, 23)), ((28, 6, 8, 1, 4, 25), (36, 9, 21, 7, 5, 10), (27, 32, 20, 34, 11, 12), (19, 31, 22, 15, 29, 24), (13, 26, 3, 30, 18, 14), (33, 17, 16, 2, 35, 23)), ((28, 8, 6, 1, 4, 25), (36, 9, 21, 7, 5, 10), (27, 32, 20, 34, 11, 12), (19, 31, 22, 15, 29, 24), (13, 26, 3, 30, 18, 14), (33, 17, 16, 2, 35, 23)), ((28, 8, 1, 6, 4, 25), (36, 9, 21, 7, 5, 10), (27, 32, 20, 34, 11, 12), (19, 31, 22, 15, 29, 24), (13, 26, 3, 30, 18, 14), (33, 17, 16, 2, 35, 23)), ((28, 8, 1, 4, 6, 25), (36, 9, 21, 7, 5, 10), (27, 32, 20, 34, 11, 12), (19, 31, 22, 15, 29, 24), (13, 26, 3, 30, 18, 14), (33, 17, 16, 2, 35, 23)), ((28, 8, 1, 4, 25, 6), (36, 9, 21, 7, 5, 10), (27, 32, 20, 34, 11, 12), (19, 31, 22, 15, 29, 24), (13, 26, 3, 30, 18, 14), (33, 17, 16, 2, 35, 23)), ((28, 8, 1, 4, 5, 6), (36, 9, 21, 7, 25, 10), (27, 32, 20, 34, 11, 12), (19, 31, 22, 15, 29, 24), (13, 26, 3, 30, 18, 14), (33, 17, 16, 2, 35, 23)), ((28, 8, 1, 4, 5, 6), (36, 9, 21, 7, 11, 10), (27, 32, 20, 34, 25, 12), (19, 31, 22, 15, 29, 24), (13, 26, 3, 30, 18, 14), (33, 17, 16, 2, 35, 23)), ((28, 8, 1, 4, 5, 6), (36, 9, 21, 7, 11, 10), (27, 32, 20, 34, 25, 12), (19, 31, 22, 15, 18, 24), (13, 26, 3, 30, 29, 14), (33, 17, 16, 2, 35, 23)), ((28, 8, 1, 4, 5, 6), (36, 9, 21, 7, 11, 10), (27, 32, 20, 34, 18, 12), (19, 31, 22, 15, 25, 24), (13, 26, 3, 30, 29, 14), (33, 17, 16, 2, 35, 23)), ((28, 8, 1, 4, 5, 6), (36, 9, 21, 7, 11, 10), (27, 32, 20, 34, 18, 12), (19, 31, 22, 15, 25, 24), (13, 26, 3, 30, 29, 14), (33, 17, 2, 16, 35, 23)), ((28, 8, 1, 4, 5, 6), (36, 9, 21, 7, 11, 10), (27, 32, 20, 34, 18, 12), (19, 31, 22, 15, 25, 24), (13, 26, 3, 30, 29, 14), (33, 2, 17, 16, 35, 23)), ((28, 8, 1, 4, 5, 6), (36, 9, 21, 7, 11, 10), (27, 32, 20, 15, 18, 12), (19, 31, 22, 34, 25, 24), (13, 26, 3, 30, 29, 14), (33, 2, 17, 16, 35, 23)), ((28, 8, 1, 4, 5, 6), (36, 9, 7, 21, 11, 10), (27, 32, 20, 15, 18, 12), (19, 31, 22, 34, 25, 24), (13, 26, 3, 30, 29, 14), (33, 2, 17, 16, 35, 23)), ((28, 8, 1, 4, 5, 6), (36, 7, 9, 21, 11, 10), (27, 32, 20, 15, 18, 12), (19, 31, 22, 34, 25, 24), (13, 26, 3, 30, 29, 14), (33, 2, 17, 16, 35, 23)), ((28, 8, 1, 4, 5, 6), (7, 36, 9, 21, 11, 10), (27, 32, 20, 15, 18, 12), (19, 31, 22, 34, 25, 24), (13, 26, 3, 30, 29, 14), (33, 2, 17, 16, 35, 23)), ((28, 8, 1, 4, 5, 6), (7, 9, 36, 21, 11, 10), (27, 32, 20, 15, 18, 12), (19, 31, 22, 34, 25, 24), (13, 26, 3, 30, 29, 14), (33, 2, 17, 16, 35, 23)), ((28, 8, 1, 4, 5, 6), (7, 9, 21, 36, 11, 10), (27, 32, 20, 15, 18, 12), (19, 31, 22, 34, 25, 24), (13, 26, 3, 30, 29, 14), (33, 2, 17, 16, 35, 23)), ((28, 8, 1, 4, 5, 6), (7, 9, 21, 15, 11, 10), (27, 32, 20, 36, 18, 12), (19, 31, 22, 34, 25, 24), (13, 26, 3, 30, 29, 14), (33, 2, 17, 16, 35, 23)), ((28, 8, 1, 4, 5, 6), (7, 9, 21, 15, 11, 10), (27, 32, 20, 36, 18, 12), (19, 31, 3, 34, 25, 24), (13, 26, 22, 30, 29, 14), (33, 2, 17, 16, 35, 23)), ((28, 8, 1, 4, 5, 6), (7, 9, 21, 15, 11, 10), (27, 32, 3, 36, 18, 12), (19, 31, 20, 34, 25, 24), (13, 26, 22, 30, 29, 14), (33, 2, 17, 16, 35, 23)), ((28, 8, 1, 4, 5, 6), (7, 9, 3, 15, 11, 10), (27, 32, 21, 36, 18, 12), (19, 31, 20, 34, 25, 24), (13, 26, 22, 30, 29, 14), (33, 2, 17, 16, 35, 23)), ((28, 8, 1, 4, 5, 6), (7, 9, 3, 15, 11, 10), (27, 32, 21, 36, 18, 12), (19, 26, 20, 34, 25, 24), (13, 31, 22, 30, 29, 14), (33, 2, 17, 16, 35, 23)), ((28, 8, 1, 4, 5, 6), (7, 9, 3, 15, 11, 10), (27, 32, 21, 36, 18, 12), (19, 26, 20, 34, 25, 24), (13, 2, 22, 30, 29, 14), (33, 31, 17, 16, 35, 23)), ((28, 8, 1, 4, 5, 6), (7, 9, 3, 15, 11, 10), (27, 32, 21, 36, 18, 12), (19, 26, 20, 34, 25, 24), (13, 2, 22, 30, 29, 14), (31, 33, 17, 16, 35, 23)), ((28, 8, 1, 4, 5, 6), (7, 9, 3, 15, 11, 10), (27, 32, 21, 36, 18, 12), (19, 2, 20, 34, 25, 24), (13, 26, 22, 30, 29, 14), (31, 33, 17, 16, 35, 23)), ((28, 8, 1, 4, 5, 6), (7, 9, 3, 15, 11, 10), (27, 2, 21, 36, 18, 12), (19, 32, 20, 34, 25, 24), (13, 26, 22, 30, 29, 14), (31, 33, 17, 16, 35, 23)), ((28, 8, 1, 4, 5, 6), (7, 9, 3, 15, 11, 10), (27, 2, 21, 18, 36, 12), (19, 32, 20, 34, 25, 24), (13, 26, 22, 30, 29, 14), (31, 33, 17, 16, 35, 23)), ((28, 8, 1, 4, 5, 6), (7, 9, 3, 15, 11, 12), (27, 2, 21, 18, 36, 10), (19, 32, 20, 34, 25, 24), (13, 26, 22, 30, 29, 14), (31, 33, 17, 16, 35, 23)), ((28, 8, 1, 4, 5, 6), (7, 9, 3, 15, 11, 12), (27, 2, 21, 18, 10, 36), (19, 32, 20, 34, 25, 24), (13, 26, 22, 30, 29, 14), (31, 33, 17, 16, 35, 23)), ((28, 8, 1, 4, 5, 6), (7, 9, 3, 15, 11, 12), (27, 2, 21, 10, 18, 36), (19, 32, 20, 34, 25, 24), (13, 26, 22, 30, 29, 14), (31, 33, 17, 16, 35, 23)), ((28, 8, 1, 4, 5, 6), (7, 9, 3, 10, 11, 12), (27, 2, 21, 15, 18, 36), (19, 32, 20, 34, 25, 24), (13, 26, 22, 30, 29, 14), (31, 33, 17, 16, 35, 23)), ((28, 8, 1, 4, 5, 6), (7, 9, 3, 10, 11, 12), (27, 2, 21, 15, 18, 24), (19, 32, 20, 34, 25, 36), (13, 26, 22, 30, 29, 14), (31, 33, 17, 16, 35, 23)), ((28, 8, 1, 4, 5, 6), (7, 9, 3, 10, 11, 12), (27, 2, 21, 15, 18, 24), (19, 32, 20, 34, 25, 14), (13, 26, 22, 30, 29, 36), (31, 33, 17, 16, 35, 23)), ((28, 8, 1, 4, 5, 6), (7, 9, 3, 10, 11, 12), (27, 2, 21, 15, 18, 24), (19, 32, 20, 34, 25, 14), (13, 26, 22, 30, 29, 23), (31, 33, 17, 16, 35, 36)), ((28, 8, 1, 4, 5, 6), (7, 9, 3, 10, 11, 12), (27, 2, 21, 15, 18, 14), (19, 32, 20, 34, 25, 24), (13, 26, 22, 30, 29, 23), (31, 33, 17, 16, 35, 36)), ((28, 8, 1, 4, 5, 6), (7, 9, 3, 10, 11, 12), (27, 2, 21, 15, 14, 18), (19, 32, 20, 34, 25, 24), (13, 26, 22, 30, 29, 23), (31, 33, 17, 16, 35, 36)), ((28, 8, 1, 4, 5, 6), (7, 2, 3, 10, 11, 12), (27, 9, 21, 15, 14, 18), (19, 32, 20, 34, 25, 24), (13, 26, 22, 30, 29, 23), (31, 33, 17, 16, 35, 36)), ((28, 2, 1, 4, 5, 6), (7, 8, 3, 10, 11, 12), (27, 9, 21, 15, 14, 18), (19, 32, 20, 34, 25, 24), (13, 26, 22, 30, 29, 23), (31, 33, 17, 16, 35, 36)), ((28, 2, 1, 4, 5, 6), (7, 8, 3, 10, 11, 12), (27, 9, 21, 15, 14, 18), (19, 32, 20, 34, 25, 24), (13, 26, 22, 30, 29, 23), (31, 33, 16, 17, 35, 36)), ((28, 2, 1, 4, 5, 6), (7, 8, 3, 10, 11, 12), (27, 9, 21, 15, 14, 18), (19, 32, 20, 34, 25, 24), (13, 26, 22, 30, 29, 23), (31, 16, 33, 17, 35, 36)), ((28, 2, 1, 4, 5, 6), (7, 8, 3, 10, 11, 12), (27, 9, 21, 15, 14, 18), (19, 32, 20, 34, 25, 24), (13, 26, 22, 29, 30, 23), (31, 16, 33, 17, 35, 36)), ((28, 2, 1, 4, 5, 6), (7, 8, 3, 10, 11, 12), (27, 9, 21, 15, 14, 18), (19, 32, 20, 34, 25, 24), (13, 26, 22, 29, 23, 30), (31, 16, 33, 17, 35, 36)), ((28, 2, 1, 4, 5, 6), (7, 8, 3, 10, 11, 12), (27, 9, 21, 15, 14, 18), (19, 32, 20, 34, 23, 24), (13, 26, 22, 29, 25, 30), (31, 16, 33, 17, 35, 36)), ((28, 2, 1, 4, 5, 6), (7, 8, 3, 10, 11, 12), (27, 9, 21, 15, 14, 18), (19, 32, 20, 34, 23, 24), (13, 26, 22, 25, 29, 30), (31, 16, 33, 17, 35, 36)), ((28, 2, 1, 4, 5, 6), (7, 8, 3, 10, 11, 12), (27, 9, 21, 15, 14, 18), (19, 32, 20, 34, 23, 24), (13, 26, 25, 22, 29, 30), (31, 16, 33, 17, 35, 36)), ((28, 2, 1, 4, 5, 6), (7, 8, 3, 10, 11, 12), (27, 9, 21, 15, 14, 18), (19, 32, 20, 22, 23, 24), (13, 26, 25, 34, 29, 30), (31, 16, 33, 17, 35, 36)), ((28, 2, 1, 4, 5, 6), (7, 8, 3, 10, 11, 12), (27, 9, 21, 15, 14, 18), (19, 32, 20, 22, 23, 24), (13, 26, 25, 17, 29, 30), (31, 16, 33, 34, 35, 36)), ((28, 2, 1, 4, 5, 6), (7, 8, 3, 10, 11, 12), (27, 9, 21, 15, 14, 18), (19, 32, 20, 22, 23, 24), (13, 25, 26, 17, 29, 30), (31, 16, 33, 34, 35, 36)), ((28, 2, 1, 4, 5, 6), (7, 8, 3, 10, 11, 12), (27, 9, 21, 15, 14, 18), (19, 32, 20, 22, 23, 24), (25, 13, 26, 17, 29, 30), (31, 16, 33, 34, 35, 36)), ((28, 2, 1, 4, 5, 6), (7, 8, 3, 10, 11, 12), (27, 9, 21, 15, 14, 18), (19, 13, 20, 22, 23, 24), (25, 32, 26, 17, 29, 30), (31, 16, 33, 34, 35, 36)), ((28, 2, 1, 4, 5, 6), (7, 8, 3, 10, 11, 12), (27, 9, 21, 15, 14, 18), (19, 13, 20, 22, 23, 24), (25, 16, 26, 17, 29, 30), (31, 32, 33, 34, 35, 36)), ((28, 2, 1, 4, 5, 6), (7, 8, 3, 10, 11, 12), (27, 9, 21, 15, 14, 18), (19, 13, 20, 22, 23, 24), (25, 26, 16, 17, 29, 30), (31, 32, 33, 34, 35, 36)), ((28, 2, 1, 4, 5, 6), (7, 8, 3, 10, 11, 12), (27, 9, 21, 15, 14, 18), (19, 13, 20, 17, 23, 24), (25, 26, 16, 22, 29, 30), (31, 32, 33, 34, 35, 36)), ((28, 2, 1, 4, 5, 6), (7, 8, 3, 10, 11, 12), (27, 9, 21, 14, 15, 18), (19, 13, 20, 17, 23, 24), (25, 26, 16, 22, 29, 30), (31, 32, 33, 34, 35, 36)), ((28, 2, 1, 4, 5, 6), (7, 8, 3, 10, 11, 12), (27, 9, 14, 21, 15, 18), (19, 13, 20, 17, 23, 24), (25, 26, 16, 22, 29, 30), (31, 32, 33, 34, 35, 36)), ((28, 2, 1, 4, 5, 6), (7, 8, 3, 10, 11, 12), (27, 14, 9, 21, 15, 18), (19, 13, 20, 17, 23, 24), (25, 26, 16, 22, 29, 30), (31, 32, 33, 34, 35, 36)), ((28, 2, 1, 4, 5, 6), (7, 8, 3, 10, 11, 12), (27, 14, 9, 17, 15, 18), (19, 13, 20, 21, 23, 24), (25, 26, 16, 22, 29, 30), (31, 32, 33, 34, 35, 36)), ((28, 2, 1, 4, 5, 6), (7, 8, 3, 10, 11, 12), (27, 14, 9, 15, 17, 18), (19, 13, 20, 21, 23, 24), (25, 26, 16, 22, 29, 30), (31, 32, 33, 34, 35, 36)), ((28, 2, 1, 4, 5, 6), (7, 8, 3, 10, 11, 12), (27, 13, 9, 15, 17, 18), (19, 14, 20, 21, 23, 24), (25, 26, 16, 22, 29, 30), (31, 32, 33, 34, 35, 36)), ((28, 2, 1, 4, 5, 6), (7, 8, 3, 10, 11, 12), (13, 27, 9, 15, 17, 18), (19, 14, 20, 21, 23, 24), (25, 26, 16, 22, 29, 30), (31, 32, 33, 34, 35, 36)), ((28, 2, 1, 4, 5, 6), (7, 8, 3, 10, 11, 12), (13, 14, 9, 15, 17, 18), (19, 27, 20, 21, 23, 24), (25, 26, 16, 22, 29, 30), (31, 32, 33, 34, 35, 36)), ((28, 2, 1, 4, 5, 6), (7, 8, 3, 10, 11, 12), (13, 14, 9, 15, 17, 18), (19, 20, 27, 21, 23, 24), (25, 26, 16, 22, 29, 30), (31, 32, 33, 34, 35, 36)), ((28, 2, 1, 4, 5, 6), (7, 8, 3, 10, 11, 12), (13, 14, 9, 15, 17, 18), (19, 20, 16, 21, 23, 24), (25, 26, 27, 22, 29, 30), (31, 32, 33, 34, 35, 36)), ((28, 2, 1, 4, 5, 6), (7, 8, 3, 10, 11, 12), (13, 14, 9, 15, 17, 18), (19, 20, 21, 16, 23, 24), (25, 26, 27, 22, 29, 30), (31, 32, 33, 34, 35, 36)), ((28, 1, 2, 4, 5, 6), (7, 8, 3, 10, 11, 12), (13, 14, 9, 15, 17, 18), (19, 20, 21, 16, 23, 24), (25, 26, 27, 22, 29, 30), (31, 32, 33, 34, 35, 36)), ((1, 28, 2, 4, 5, 6), (7, 8, 3, 10, 11, 12), (13, 14, 9, 15, 17, 18), (19, 20, 21, 16, 23, 24), (25, 26, 27, 22, 29, 30), (31, 32, 33, 34, 35, 36)), ((1, 2, 28, 4, 5, 6), (7, 8, 3, 10, 11, 12), (13, 14, 9, 15, 17, 18), (19, 20, 21, 16, 23, 24), (25, 26, 27, 22, 29, 30), (31, 32, 33, 34, 35, 36)), ((1, 2, 3, 4, 5, 6), (7, 8, 28, 10, 11, 12), (13, 14, 9, 15, 17, 18), (19, 20, 21, 16, 23, 24), (25, 26, 27, 22, 29, 30), (31, 32, 33, 34, 35, 36)), ((1, 2, 3, 4, 5, 6), (7, 8, 9, 10, 11, 12), (13, 14, 28, 15, 17, 18), (19, 20, 21, 16, 23, 24), (25, 26, 27, 22, 29, 30), (31, 32, 33, 34, 35, 36)), ((1, 2, 3, 4, 5, 6), (7, 8, 9, 10, 11, 12), (13, 14, 15, 28, 17, 18), (19, 20, 21, 16, 23, 24), (25, 26, 27, 22, 29, 30), (31, 32, 33, 34, 35, 36)), ((1, 2, 3, 4, 5, 6), (7, 8, 9, 10, 11, 12), (13, 14, 15, 16, 17, 18), (19, 20, 21, 28, 23, 24), (25, 26, 27, 22, 29, 30), (31, 32, 33, 34, 35, 36)), ((1, 2, 3, 4, 5, 6), (7, 8, 9, 10, 11, 12), (13, 14, 15, 16, 17, 18), (19, 20, 21, 22, 23, 24), (25, 26, 27, 28, 29, 30), (31, 32, 33, 34, 35, 36))]



