Statistics: 

Total Execution Time: 0.1260232925415039

Total Search Path: 237

Total Solution Path: 237

Total No Solutions: 0

Average Execution Time: 0.006301164627075195

Average Search Path: 11.85

Average Solution Path: 11.85

Average No Solutions: 0.0





=== Puzzle 1 ===

Puzzle: ((3, 8, 9), (2, 6, 7), (5, 1, 4))

Execution Time: 0.013671875

Search Path: [((3, 8, 9), (2, 6, 7), (5, 1, 4)), ((3, 8, 9), (2, 6, 4), (5, 1, 7)), ((3, 8, 9), (2, 6, 4), (1, 5, 7)), ((3, 8, 9), (2, 6, 4), (1, 7, 5)), ((3, 8, 9), (2, 4, 6), (1, 7, 5)), ((3, 8, 9), (4, 2, 6), (1, 7, 5)), ((3, 2, 9), (4, 8, 6), (1, 7, 5)), ((3, 2, 9), (1, 8, 6), (4, 7, 5)), ((3, 2, 9), (1, 8, 6), (7, 4, 5)), ((3, 2, 9), (1, 4, 6), (7, 8, 5)), ((3, 2, 6), (1, 4, 9), (7, 8, 5)), ((3, 2, 6), (1, 4, 5), (7, 8, 9)), ((3, 2, 5), (1, 4, 6), (7, 8, 9)), ((2, 3, 5), (1, 4, 6), (7, 8, 9)), ((2, 5, 3), (1, 4, 6), (7, 8, 9)), ((5, 2, 3), (1, 4, 6), (7, 8, 9)), ((1, 2, 3), (5, 4, 6), (7, 8, 9)), ((1, 2, 3), (4, 5, 6), (7, 8, 9))]

Solution Path: [((3, 8, 9), (2, 6, 7), (5, 1, 4)), ((3, 8, 9), (2, 6, 4), (5, 1, 7)), ((3, 8, 9), (2, 6, 4), (1, 5, 7)), ((3, 8, 9), (2, 6, 4), (1, 7, 5)), ((3, 8, 9), (2, 4, 6), (1, 7, 5)), ((3, 8, 9), (4, 2, 6), (1, 7, 5)), ((3, 2, 9), (4, 8, 6), (1, 7, 5)), ((3, 2, 9), (1, 8, 6), (4, 7, 5)), ((3, 2, 9), (1, 8, 6), (7, 4, 5)), ((3, 2, 9), (1, 4, 6), (7, 8, 5)), ((3, 2, 6), (1, 4, 9), (7, 8, 5)), ((3, 2, 6), (1, 4, 5), (7, 8, 9)), ((3, 2, 5), (1, 4, 6), (7, 8, 9)), ((2, 3, 5), (1, 4, 6), (7, 8, 9)), ((2, 5, 3), (1, 4, 6), (7, 8, 9)), ((5, 2, 3), (1, 4, 6), (7, 8, 9)), ((1, 2, 3), (5, 4, 6), (7, 8, 9)), ((1, 2, 3), (4, 5, 6), (7, 8, 9))]



=== Puzzle 2 ===

Puzzle: ((8, 5, 1), (9, 4, 2), (7, 3, 6))

Execution Time: 0.005842924118041992

Search Path: [((8, 5, 1), (9, 4, 2), (7, 3, 6)), ((8, 5, 1), (4, 9, 2), (7, 3, 6)), ((8, 5, 1), (4, 3, 2), (7, 9, 6)), ((8, 5, 1), (4, 2, 3), (7, 9, 6)), ((8, 1, 5), (4, 2, 3), (7, 9, 6)), ((1, 8, 5), (4, 2, 3), (7, 9, 6)), ((1, 8, 3), (4, 2, 5), (7, 9, 6)), ((1, 2, 3), (4, 8, 5), (7, 9, 6)), ((1, 2, 3), (4, 8, 5), (7, 6, 9)), ((1, 2, 3), (4, 6, 5), (7, 8, 9)), ((1, 2, 3), (4, 5, 6), (7, 8, 9))]

Solution Path: [((8, 5, 1), (9, 4, 2), (7, 3, 6)), ((8, 5, 1), (4, 9, 2), (7, 3, 6)), ((8, 5, 1), (4, 3, 2), (7, 9, 6)), ((8, 5, 1), (4, 2, 3), (7, 9, 6)), ((8, 1, 5), (4, 2, 3), (7, 9, 6)), ((1, 8, 5), (4, 2, 3), (7, 9, 6)), ((1, 8, 3), (4, 2, 5), (7, 9, 6)), ((1, 2, 3), (4, 8, 5), (7, 9, 6)), ((1, 2, 3), (4, 8, 5), (7, 6, 9)), ((1, 2, 3), (4, 6, 5), (7, 8, 9)), ((1, 2, 3), (4, 5, 6), (7, 8, 9))]



=== Puzzle 3 ===

Puzzle: ((1, 9, 7), (6, 4, 2), (5, 8, 3))

Execution Time: 0.0056569576263427734

Search Path: [((1, 9, 7), (6, 4, 2), (5, 8, 3)), ((1, 7, 9), (6, 4, 2), (5, 8, 3)), ((1, 7, 2), (6, 4, 9), (5, 8, 3)), ((1, 7, 2), (6, 4, 3), (5, 8, 9)), ((1, 7, 2), (4, 6, 3), (5, 8, 9)), ((1, 7, 3), (4, 6, 2), (5, 8, 9)), ((1, 7, 3), (4, 2, 6), (5, 8, 9)), ((1, 2, 3), (4, 7, 6), (5, 8, 9)), ((1, 2, 3), (4, 8, 6), (5, 7, 9)), ((1, 2, 3), (4, 8, 6), (7, 5, 9)), ((1, 2, 3), (4, 5, 6), (7, 8, 9))]

Solution Path: [((1, 9, 7), (6, 4, 2), (5, 8, 3)), ((1, 7, 9), (6, 4, 2), (5, 8, 3)), ((1, 7, 2), (6, 4, 9), (5, 8, 3)), ((1, 7, 2), (6, 4, 3), (5, 8, 9)), ((1, 7, 2), (4, 6, 3), (5, 8, 9)), ((1, 7, 3), (4, 6, 2), (5, 8, 9)), ((1, 7, 3), (4, 2, 6), (5, 8, 9)), ((1, 2, 3), (4, 7, 6), (5, 8, 9)), ((1, 2, 3), (4, 8, 6), (5, 7, 9)), ((1, 2, 3), (4, 8, 6), (7, 5, 9)), ((1, 2, 3), (4, 5, 6), (7, 8, 9))]



=== Puzzle 4 ===

Puzzle: ((9, 4, 2), (3, 8, 5), (6, 7, 1))

Execution Time: 0.006710052490234375

Search Path: [((9, 4, 2), (3, 8, 5), (6, 7, 1)), ((3, 4, 2), (9, 8, 5), (6, 7, 1)), ((3, 4, 2), (9, 8, 5), (7, 6, 1)), ((3, 4, 2), (9, 8, 5), (7, 1, 6)), ((3, 4, 2), (9, 1, 5), (7, 8, 6)), ((3, 4, 2), (1, 9, 5), (7, 8, 6)), ((4, 3, 2), (1, 9, 5), (7, 8, 6)), ((4, 2, 3), (1, 9, 5), (7, 8, 6)), ((1, 2, 3), (4, 9, 5), (7, 8, 6)), ((1, 2, 3), (4, 5, 9), (7, 8, 6)), ((1, 2, 3), (4, 5, 6), (7, 8, 9))]

Solution Path: [((9, 4, 2), (3, 8, 5), (6, 7, 1)), ((3, 4, 2), (9, 8, 5), (6, 7, 1)), ((3, 4, 2), (9, 8, 5), (7, 6, 1)), ((3, 4, 2), (9, 8, 5), (7, 1, 6)), ((3, 4, 2), (9, 1, 5), (7, 8, 6)), ((3, 4, 2), (1, 9, 5), (7, 8, 6)), ((4, 3, 2), (1, 9, 5), (7, 8, 6)), ((4, 2, 3), (1, 9, 5), (7, 8, 6)), ((1, 2, 3), (4, 9, 5), (7, 8, 6)), ((1, 2, 3), (4, 5, 9), (7, 8, 6)), ((1, 2, 3), (4, 5, 6), (7, 8, 9))]



=== Puzzle 5 ===

Puzzle: ((5, 8, 4), (3, 9, 1), (6, 2, 7))

Execution Time: 0.0067980289459228516

Search Path: [((5, 8, 4), (3, 9, 1), (6, 2, 7)), ((5, 8, 4), (3, 1, 9), (6, 2, 7)), ((5, 8, 4), (1, 3, 9), (6, 2, 7)), ((5, 3, 4), (1, 8, 9), (6, 2, 7)), ((5, 4, 3), (1, 8, 9), (6, 2, 7)), ((5, 4, 3), (1, 2, 9), (6, 8, 7)), ((5, 2, 3), (1, 4, 9), (6, 8, 7)), ((1, 2, 3), (5, 4, 9), (6, 8, 7)), ((1, 2, 3), (5, 4, 9), (6, 7, 8)), ((1, 2, 3), (5, 4, 9), (7, 6, 8)), ((1, 2, 3), (5, 4, 9), (7, 8, 6)), ((1, 2, 3), (5, 4, 6), (7, 8, 9)), ((1, 2, 3), (4, 5, 6), (7, 8, 9))]

Solution Path: [((5, 8, 4), (3, 9, 1), (6, 2, 7)), ((5, 8, 4), (3, 1, 9), (6, 2, 7)), ((5, 8, 4), (1, 3, 9), (6, 2, 7)), ((5, 3, 4), (1, 8, 9), (6, 2, 7)), ((5, 4, 3), (1, 8, 9), (6, 2, 7)), ((5, 4, 3), (1, 2, 9), (6, 8, 7)), ((5, 2, 3), (1, 4, 9), (6, 8, 7)), ((1, 2, 3), (5, 4, 9), (6, 8, 7)), ((1, 2, 3), (5, 4, 9), (6, 7, 8)), ((1, 2, 3), (5, 4, 9), (7, 6, 8)), ((1, 2, 3), (5, 4, 9), (7, 8, 6)), ((1, 2, 3), (5, 4, 6), (7, 8, 9)), ((1, 2, 3), (4, 5, 6), (7, 8, 9))]



=== Puzzle 6 ===

Puzzle: ((6, 1, 9), (8, 7, 3), (2, 4, 5))

Execution Time: 0.005115032196044922

Search Path: [((6, 1, 9), (8, 7, 3), (2, 4, 5)), ((6, 1, 3), (8, 7, 9), (2, 4, 5)), ((6, 1, 3), (8, 4, 9), (2, 7, 5)), ((6, 1, 3), (8, 4, 9), (7, 2, 5)), ((1, 6, 3), (8, 4, 9), (7, 2, 5)), ((1, 6, 3), (8, 4, 5), (7, 2, 9)), ((1, 6, 3), (4, 8, 5), (7, 2, 9)), ((1, 6, 3), (4, 2, 5), (7, 8, 9)), ((1, 2, 3), (4, 6, 5), (7, 8, 9)), ((1, 2, 3), (4, 5, 6), (7, 8, 9))]

Solution Path: [((6, 1, 9), (8, 7, 3), (2, 4, 5)), ((6, 1, 3), (8, 7, 9), (2, 4, 5)), ((6, 1, 3), (8, 4, 9), (2, 7, 5)), ((6, 1, 3), (8, 4, 9), (7, 2, 5)), ((1, 6, 3), (8, 4, 9), (7, 2, 5)), ((1, 6, 3), (8, 4, 5), (7, 2, 9)), ((1, 6, 3), (4, 8, 5), (7, 2, 9)), ((1, 6, 3), (4, 2, 5), (7, 8, 9)), ((1, 2, 3), (4, 6, 5), (7, 8, 9)), ((1, 2, 3), (4, 5, 6), (7, 8, 9))]



=== Puzzle 7 ===

Puzzle: ((4, 5, 3), (8, 6, 9), (2, 1, 7))

Execution Time: 0.00431513786315918

Search Path: [((4, 5, 3), (8, 6, 9), (2, 1, 7)), ((4, 5, 3), (8, 6, 9), (1, 2, 7)), ((4, 5, 3), (1, 6, 9), (8, 2, 7)), ((1, 5, 3), (4, 6, 9), (8, 2, 7)), ((1, 5, 3), (4, 6, 9), (8, 7, 2)), ((1, 5, 3), (4, 6, 9), (7, 8, 2)), ((1, 5, 3), (4, 6, 2), (7, 8, 9)), ((1, 5, 3), (4, 2, 6), (7, 8, 9)), ((1, 2, 3), (4, 5, 6), (7, 8, 9))]

Solution Path: [((4, 5, 3), (8, 6, 9), (2, 1, 7)), ((4, 5, 3), (8, 6, 9), (1, 2, 7)), ((4, 5, 3), (1, 6, 9), (8, 2, 7)), ((1, 5, 3), (4, 6, 9), (8, 2, 7)), ((1, 5, 3), (4, 6, 9), (8, 7, 2)), ((1, 5, 3), (4, 6, 9), (7, 8, 2)), ((1, 5, 3), (4, 6, 2), (7, 8, 9)), ((1, 5, 3), (4, 2, 6), (7, 8, 9)), ((1, 2, 3), (4, 5, 6), (7, 8, 9))]



=== Puzzle 8 ===

Puzzle: ((9, 5, 4), (8, 6, 2), (3, 7, 1))

Execution Time: 0.007818937301635742

Search Path: [((9, 5, 4), (8, 6, 2), (3, 7, 1)), ((9, 5, 4), (8, 6, 2), (7, 3, 1)), ((9, 5, 4), (8, 6, 2), (7, 1, 3)), ((9, 5, 4), (8, 2, 6), (7, 1, 3)), ((5, 9, 4), (8, 2, 6), (7, 1, 3)), ((5, 4, 9), (8, 2, 6), (7, 1, 3)), ((5, 2, 9), (8, 4, 6), (7, 1, 3)), ((5, 2, 9), (4, 8, 6), (7, 1, 3)), ((5, 2, 9), (4, 1, 6), (7, 8, 3)), ((5, 2, 9), (4, 1, 3), (7, 8, 6)), ((5, 2, 3), (4, 1, 9), (7, 8, 6)), ((5, 2, 3), (4, 1, 6), (7, 8, 9)), ((5, 2, 3), (1, 4, 6), (7, 8, 9)), ((1, 2, 3), (5, 4, 6), (7, 8, 9)), ((1, 2, 3), (4, 5, 6), (7, 8, 9))]

Solution Path: [((9, 5, 4), (8, 6, 2), (3, 7, 1)), ((9, 5, 4), (8, 6, 2), (7, 3, 1)), ((9, 5, 4), (8, 6, 2), (7, 1, 3)), ((9, 5, 4), (8, 2, 6), (7, 1, 3)), ((5, 9, 4), (8, 2, 6), (7, 1, 3)), ((5, 4, 9), (8, 2, 6), (7, 1, 3)), ((5, 2, 9), (8, 4, 6), (7, 1, 3)), ((5, 2, 9), (4, 8, 6), (7, 1, 3)), ((5, 2, 9), (4, 1, 6), (7, 8, 3)), ((5, 2, 9), (4, 1, 3), (7, 8, 6)), ((5, 2, 3), (4, 1, 9), (7, 8, 6)), ((5, 2, 3), (4, 1, 6), (7, 8, 9)), ((5, 2, 3), (1, 4, 6), (7, 8, 9)), ((1, 2, 3), (5, 4, 6), (7, 8, 9)), ((1, 2, 3), (4, 5, 6), (7, 8, 9))]



=== Puzzle 9 ===

Puzzle: ((5, 4, 7), (1, 8, 6), (3, 9, 2))

Execution Time: 0.006419181823730469

Search Path: [((5, 4, 7), (1, 8, 6), (3, 9, 2)), ((5, 4, 7), (1, 8, 6), (3, 2, 9)), ((5, 4, 7), (1, 2, 6), (3, 8, 9)), ((5, 2, 7), (1, 4, 6), (3, 8, 9)), ((1, 2, 7), (5, 4, 6), (3, 8, 9)), ((1, 2, 7), (3, 4, 6), (5, 8, 9)), ((1, 2, 7), (4, 3, 6), (5, 8, 9)), ((1, 2, 7), (4, 6, 3), (5, 8, 9)), ((1, 2, 3), (4, 6, 7), (5, 8, 9)), ((1, 2, 3), (4, 7, 6), (5, 8, 9)), ((1, 2, 3), (4, 8, 6), (5, 7, 9)), ((1, 2, 3), (4, 8, 6), (7, 5, 9)), ((1, 2, 3), (4, 5, 6), (7, 8, 9))]

Solution Path: [((5, 4, 7), (1, 8, 6), (3, 9, 2)), ((5, 4, 7), (1, 8, 6), (3, 2, 9)), ((5, 4, 7), (1, 2, 6), (3, 8, 9)), ((5, 2, 7), (1, 4, 6), (3, 8, 9)), ((1, 2, 7), (5, 4, 6), (3, 8, 9)), ((1, 2, 7), (3, 4, 6), (5, 8, 9)), ((1, 2, 7), (4, 3, 6), (5, 8, 9)), ((1, 2, 7), (4, 6, 3), (5, 8, 9)), ((1, 2, 3), (4, 6, 7), (5, 8, 9)), ((1, 2, 3), (4, 7, 6), (5, 8, 9)), ((1, 2, 3), (4, 8, 6), (5, 7, 9)), ((1, 2, 3), (4, 8, 6), (7, 5, 9)), ((1, 2, 3), (4, 5, 6), (7, 8, 9))]



=== Puzzle 10 ===

Puzzle: ((6, 8, 7), (9, 2, 5), (1, 3, 4))

Execution Time: 0.00745701789855957

Search Path: [((6, 8, 7), (9, 2, 5), (1, 3, 4)), ((6, 8, 7), (1, 2, 5), (9, 3, 4)), ((6, 8, 7), (1, 2, 5), (9, 4, 3)), ((6, 8, 7), (1, 2, 5), (4, 9, 3)), ((1, 8, 7), (6, 2, 5), (4, 9, 3)), ((1, 8, 7), (6, 2, 3), (4, 9, 5)), ((1, 8, 3), (6, 2, 7), (4, 9, 5)), ((1, 8, 3), (6, 2, 7), (4, 5, 9)), ((1, 2, 3), (6, 8, 7), (4, 5, 9)), ((1, 2, 3), (6, 7, 8), (4, 5, 9)), ((1, 2, 3), (7, 6, 8), (4, 5, 9)), ((1, 2, 3), (4, 6, 8), (7, 5, 9)), ((1, 2, 3), (4, 8, 6), (7, 5, 9)), ((1, 2, 3), (4, 5, 6), (7, 8, 9))]

Solution Path: [((6, 8, 7), (9, 2, 5), (1, 3, 4)), ((6, 8, 7), (1, 2, 5), (9, 3, 4)), ((6, 8, 7), (1, 2, 5), (9, 4, 3)), ((6, 8, 7), (1, 2, 5), (4, 9, 3)), ((1, 8, 7), (6, 2, 5), (4, 9, 3)), ((1, 8, 7), (6, 2, 3), (4, 9, 5)), ((1, 8, 3), (6, 2, 7), (4, 9, 5)), ((1, 8, 3), (6, 2, 7), (4, 5, 9)), ((1, 2, 3), (6, 8, 7), (4, 5, 9)), ((1, 2, 3), (6, 7, 8), (4, 5, 9)), ((1, 2, 3), (7, 6, 8), (4, 5, 9)), ((1, 2, 3), (4, 6, 8), (7, 5, 9)), ((1, 2, 3), (4, 8, 6), (7, 5, 9)), ((1, 2, 3), (4, 5, 6), (7, 8, 9))]



=== Puzzle 11 ===

Puzzle: ((8, 4, 9), (6, 5, 2), (3, 7, 1))

Execution Time: 0.007169961929321289

Search Path: [((8, 4, 9), (6, 5, 2), (3, 7, 1)), ((8, 4, 9), (6, 5, 2), (7, 3, 1)), ((8, 4, 9), (6, 5, 2), (7, 1, 3)), ((8, 4, 2), (6, 5, 9), (7, 1, 3)), ((8, 4, 2), (6, 5, 3), (7, 1, 9)), ((8, 4, 2), (6, 1, 3), (7, 5, 9)), ((8, 4, 2), (1, 6, 3), (7, 5, 9)), ((1, 4, 2), (8, 6, 3), (7, 5, 9)), ((1, 4, 3), (8, 6, 2), (7, 5, 9)), ((1, 4, 3), (8, 2, 6), (7, 5, 9)), ((1, 2, 3), (8, 4, 6), (7, 5, 9)), ((1, 2, 3), (4, 8, 6), (7, 5, 9)), ((1, 2, 3), (4, 5, 6), (7, 8, 9))]

Solution Path: [((8, 4, 9), (6, 5, 2), (3, 7, 1)), ((8, 4, 9), (6, 5, 2), (7, 3, 1)), ((8, 4, 9), (6, 5, 2), (7, 1, 3)), ((8, 4, 2), (6, 5, 9), (7, 1, 3)), ((8, 4, 2), (6, 5, 3), (7, 1, 9)), ((8, 4, 2), (6, 1, 3), (7, 5, 9)), ((8, 4, 2), (1, 6, 3), (7, 5, 9)), ((1, 4, 2), (8, 6, 3), (7, 5, 9)), ((1, 4, 3), (8, 6, 2), (7, 5, 9)), ((1, 4, 3), (8, 2, 6), (7, 5, 9)), ((1, 2, 3), (8, 4, 6), (7, 5, 9)), ((1, 2, 3), (4, 8, 6), (7, 5, 9)), ((1, 2, 3), (4, 5, 6), (7, 8, 9))]



=== Puzzle 12 ===

Puzzle: ((8, 3, 1), (7, 9, 6), (4, 5, 2))

Execution Time: 0.00410771369934082

Search Path: [((8, 3, 1), (7, 9, 6), (4, 5, 2)), ((8, 1, 3), (7, 9, 6), (4, 5, 2)), ((8, 1, 3), (4, 9, 6), (7, 5, 2)), ((1, 8, 3), (4, 9, 6), (7, 5, 2)), ((1, 8, 3), (4, 5, 6), (7, 9, 2)), ((1, 8, 3), (4, 5, 6), (7, 2, 9)), ((1, 8, 3), (4, 2, 6), (7, 5, 9)), ((1, 2, 3), (4, 8, 6), (7, 5, 9)), ((1, 2, 3), (4, 5, 6), (7, 8, 9))]

Solution Path: [((8, 3, 1), (7, 9, 6), (4, 5, 2)), ((8, 1, 3), (7, 9, 6), (4, 5, 2)), ((8, 1, 3), (4, 9, 6), (7, 5, 2)), ((1, 8, 3), (4, 9, 6), (7, 5, 2)), ((1, 8, 3), (4, 5, 6), (7, 9, 2)), ((1, 8, 3), (4, 5, 6), (7, 2, 9)), ((1, 8, 3), (4, 2, 6), (7, 5, 9)), ((1, 2, 3), (4, 8, 6), (7, 5, 9)), ((1, 2, 3), (4, 5, 6), (7, 8, 9))]



=== Puzzle 13 ===

Puzzle: ((2, 4, 7), (1, 6, 5), (8, 9, 3))

Execution Time: 0.004365205764770508

Search Path: [((2, 4, 7), (1, 6, 5), (8, 9, 3)), ((2, 4, 7), (1, 6, 3), (8, 9, 5)), ((2, 4, 3), (1, 6, 7), (8, 9, 5)), ((2, 4, 3), (1, 7, 6), (8, 9, 5)), ((2, 4, 3), (1, 7, 6), (8, 5, 9)), ((2, 4, 3), (1, 5, 6), (8, 7, 9)), ((2, 4, 3), (1, 5, 6), (7, 8, 9)), ((4, 2, 3), (1, 5, 6), (7, 8, 9)), ((1, 2, 3), (4, 5, 6), (7, 8, 9))]

Solution Path: [((2, 4, 7), (1, 6, 5), (8, 9, 3)), ((2, 4, 7), (1, 6, 3), (8, 9, 5)), ((2, 4, 3), (1, 6, 7), (8, 9, 5)), ((2, 4, 3), (1, 7, 6), (8, 9, 5)), ((2, 4, 3), (1, 7, 6), (8, 5, 9)), ((2, 4, 3), (1, 5, 6), (8, 7, 9)), ((2, 4, 3), (1, 5, 6), (7, 8, 9)), ((4, 2, 3), (1, 5, 6), (7, 8, 9)), ((1, 2, 3), (4, 5, 6), (7, 8, 9))]



=== Puzzle 14 ===

Puzzle: ((9, 2, 6), (5, 8, 7), (3, 1, 4))

Execution Time: 0.006330251693725586

Search Path: [((9, 2, 6), (5, 8, 7), (3, 1, 4)), ((9, 2, 6), (5, 8, 7), (1, 3, 4)), ((9, 2, 6), (5, 8, 7), (1, 4, 3)), ((9, 2, 6), (5, 8, 3), (1, 4, 7)), ((9, 2, 3), (5, 8, 6), (1, 4, 7)), ((9, 2, 3), (5, 4, 6), (1, 8, 7)), ((9, 2, 3), (1, 4, 6), (5, 8, 7)), ((1, 2, 3), (9, 4, 6), (5, 8, 7)), ((1, 2, 3), (4, 9, 6), (5, 8, 7)), ((1, 2, 3), (4, 9, 6), (5, 7, 8)), ((1, 2, 3), (4, 9, 6), (7, 5, 8)), ((1, 2, 3), (4, 5, 6), (7, 9, 8)), ((1, 2, 3), (4, 5, 6), (7, 8, 9))]

Solution Path: [((9, 2, 6), (5, 8, 7), (3, 1, 4)), ((9, 2, 6), (5, 8, 7), (1, 3, 4)), ((9, 2, 6), (5, 8, 7), (1, 4, 3)), ((9, 2, 6), (5, 8, 3), (1, 4, 7)), ((9, 2, 3), (5, 8, 6), (1, 4, 7)), ((9, 2, 3), (5, 4, 6), (1, 8, 7)), ((9, 2, 3), (1, 4, 6), (5, 8, 7)), ((1, 2, 3), (9, 4, 6), (5, 8, 7)), ((1, 2, 3), (4, 9, 6), (5, 8, 7)), ((1, 2, 3), (4, 9, 6), (5, 7, 8)), ((1, 2, 3), (4, 9, 6), (7, 5, 8)), ((1, 2, 3), (4, 5, 6), (7, 9, 8)), ((1, 2, 3), (4, 5, 6), (7, 8, 9))]



=== Puzzle 15 ===

Puzzle: ((4, 2, 1), (5, 8, 9), (6, 7, 3))

Execution Time: 0.005137920379638672

Search Path: [((4, 2, 1), (5, 8, 9), (6, 7, 3)), ((4, 2, 1), (5, 8, 3), (6, 7, 9)), ((4, 2, 1), (5, 8, 3), (7, 6, 9)), ((4, 2, 1), (5, 6, 3), (7, 8, 9)), ((4, 1, 2), (5, 6, 3), (7, 8, 9)), ((4, 1, 3), (5, 6, 2), (7, 8, 9)), ((4, 1, 3), (5, 2, 6), (7, 8, 9)), ((1, 4, 3), (5, 2, 6), (7, 8, 9)), ((1, 2, 3), (5, 4, 6), (7, 8, 9)), ((1, 2, 3), (4, 5, 6), (7, 8, 9))]

Solution Path: [((4, 2, 1), (5, 8, 9), (6, 7, 3)), ((4, 2, 1), (5, 8, 3), (6, 7, 9)), ((4, 2, 1), (5, 8, 3), (7, 6, 9)), ((4, 2, 1), (5, 6, 3), (7, 8, 9)), ((4, 1, 2), (5, 6, 3), (7, 8, 9)), ((4, 1, 3), (5, 6, 2), (7, 8, 9)), ((4, 1, 3), (5, 2, 6), (7, 8, 9)), ((1, 4, 3), (5, 2, 6), (7, 8, 9)), ((1, 2, 3), (5, 4, 6), (7, 8, 9)), ((1, 2, 3), (4, 5, 6), (7, 8, 9))]



=== Puzzle 16 ===

Puzzle: ((5, 2, 6), (3, 4, 7), (9, 1, 8))

Execution Time: 0.0057260990142822266

Search Path: [((5, 2, 6), (3, 4, 7), (9, 1, 8)), ((5, 2, 6), (3, 4, 7), (1, 9, 8)), ((5, 2, 6), (3, 4, 7), (1, 8, 9)), ((5, 2, 6), (4, 3, 7), (1, 8, 9)), ((5, 2, 6), (4, 7, 3), (1, 8, 9)), ((5, 2, 3), (4, 7, 6), (1, 8, 9)), ((5, 2, 3), (4, 8, 6), (1, 7, 9)), ((5, 2, 3), (1, 8, 6), (4, 7, 9)), ((1, 2, 3), (5, 8, 6), (4, 7, 9)), ((1, 2, 3), (5, 8, 6), (7, 4, 9)), ((1, 2, 3), (5, 4, 6), (7, 8, 9)), ((1, 2, 3), (4, 5, 6), (7, 8, 9))]

Solution Path: [((5, 2, 6), (3, 4, 7), (9, 1, 8)), ((5, 2, 6), (3, 4, 7), (1, 9, 8)), ((5, 2, 6), (3, 4, 7), (1, 8, 9)), ((5, 2, 6), (4, 3, 7), (1, 8, 9)), ((5, 2, 6), (4, 7, 3), (1, 8, 9)), ((5, 2, 3), (4, 7, 6), (1, 8, 9)), ((5, 2, 3), (4, 8, 6), (1, 7, 9)), ((5, 2, 3), (1, 8, 6), (4, 7, 9)), ((1, 2, 3), (5, 8, 6), (4, 7, 9)), ((1, 2, 3), (5, 8, 6), (7, 4, 9)), ((1, 2, 3), (5, 4, 6), (7, 8, 9)), ((1, 2, 3), (4, 5, 6), (7, 8, 9))]



=== Puzzle 17 ===

Puzzle: ((8, 2, 3), (9, 7, 4), (5, 6, 1))

Execution Time: 0.006051063537597656

Search Path: [((8, 2, 3), (9, 7, 4), (5, 6, 1)), ((8, 2, 3), (7, 9, 4), (5, 6, 1)), ((8, 2, 3), (7, 9, 4), (5, 1, 6)), ((8, 2, 3), (7, 1, 4), (5, 9, 6)), ((8, 2, 3), (5, 1, 4), (7, 9, 6)), ((8, 2, 3), (1, 5, 4), (7, 9, 6)), ((1, 2, 3), (8, 5, 4), (7, 9, 6)), ((1, 2, 3), (8, 5, 4), (7, 6, 9)), ((1, 2, 3), (8, 4, 5), (7, 6, 9)), ((1, 2, 3), (4, 8, 5), (7, 6, 9)), ((1, 2, 3), (4, 6, 5), (7, 8, 9)), ((1, 2, 3), (4, 5, 6), (7, 8, 9))]

Solution Path: [((8, 2, 3), (9, 7, 4), (5, 6, 1)), ((8, 2, 3), (7, 9, 4), (5, 6, 1)), ((8, 2, 3), (7, 9, 4), (5, 1, 6)), ((8, 2, 3), (7, 1, 4), (5, 9, 6)), ((8, 2, 3), (5, 1, 4), (7, 9, 6)), ((8, 2, 3), (1, 5, 4), (7, 9, 6)), ((1, 2, 3), (8, 5, 4), (7, 9, 6)), ((1, 2, 3), (8, 5, 4), (7, 6, 9)), ((1, 2, 3), (8, 4, 5), (7, 6, 9)), ((1, 2, 3), (4, 8, 5), (7, 6, 9)), ((1, 2, 3), (4, 6, 5), (7, 8, 9)), ((1, 2, 3), (4, 5, 6), (7, 8, 9))]



=== Puzzle 18 ===

Puzzle: ((3, 5, 8), (1, 4, 7), (2, 6, 9))

Execution Time: 0.006558895111083984

Search Path: [((3, 5, 8), (1, 4, 7), (2, 6, 9)), ((5, 3, 8), (1, 4, 7), (2, 6, 9)), ((5, 8, 3), (1, 4, 7), (2, 6, 9)), ((1, 8, 3), (5, 4, 7), (2, 6, 9)), ((1, 8, 3), (5, 7, 4), (2, 6, 9)), ((1, 8, 3), (5, 6, 4), (2, 7, 9)), ((1, 8, 3), (5, 6, 4), (7, 2, 9)), ((1, 8, 3), (5, 4, 6), (7, 2, 9)), ((1, 8, 3), (4, 5, 6), (7, 2, 9)), ((1, 8, 3), (4, 2, 6), (7, 5, 9)), ((1, 2, 3), (4, 8, 6), (7, 5, 9)), ((1, 2, 3), (4, 5, 6), (7, 8, 9))]

Solution Path: [((3, 5, 8), (1, 4, 7), (2, 6, 9)), ((5, 3, 8), (1, 4, 7), (2, 6, 9)), ((5, 8, 3), (1, 4, 7), (2, 6, 9)), ((1, 8, 3), (5, 4, 7), (2, 6, 9)), ((1, 8, 3), (5, 7, 4), (2, 6, 9)), ((1, 8, 3), (5, 6, 4), (2, 7, 9)), ((1, 8, 3), (5, 6, 4), (7, 2, 9)), ((1, 8, 3), (5, 4, 6), (7, 2, 9)), ((1, 8, 3), (4, 5, 6), (7, 2, 9)), ((1, 8, 3), (4, 2, 6), (7, 5, 9)), ((1, 2, 3), (4, 8, 6), (7, 5, 9)), ((1, 2, 3), (4, 5, 6), (7, 8, 9))]



=== Puzzle 19 ===

Puzzle: ((4, 9, 2), (6, 8, 3), (7, 5, 1))

Execution Time: 0.004270076751708984

Search Path: [((4, 9, 2), (6, 8, 3), (7, 5, 1)), ((4, 2, 9), (6, 8, 3), (7, 5, 1)), ((4, 2, 3), (6, 8, 9), (7, 5, 1)), ((4, 2, 3), (6, 8, 1), (7, 5, 9)), ((4, 2, 3), (6, 1, 8), (7, 5, 9)), ((4, 2, 3), (1, 6, 8), (7, 5, 9)), ((1, 2, 3), (4, 6, 8), (7, 5, 9)), ((1, 2, 3), (4, 8, 6), (7, 5, 9)), ((1, 2, 3), (4, 5, 6), (7, 8, 9))]

Solution Path: [((4, 9, 2), (6, 8, 3), (7, 5, 1)), ((4, 2, 9), (6, 8, 3), (7, 5, 1)), ((4, 2, 3), (6, 8, 9), (7, 5, 1)), ((4, 2, 3), (6, 8, 1), (7, 5, 9)), ((4, 2, 3), (6, 1, 8), (7, 5, 9)), ((4, 2, 3), (1, 6, 8), (7, 5, 9)), ((1, 2, 3), (4, 6, 8), (7, 5, 9)), ((1, 2, 3), (4, 8, 6), (7, 5, 9)), ((1, 2, 3), (4, 5, 6), (7, 8, 9))]



=== Puzzle 20 ===

Puzzle: ((9, 5, 4), (7, 6, 1), (3, 8, 2))

Execution Time: 0.006500959396362305

Search Path: [((9, 5, 4), (7, 6, 1), (3, 8, 2)), ((9, 5, 4), (3, 6, 1), (7, 8, 2)), ((3, 5, 4), (9, 6, 1), (7, 8, 2)), ((3, 5, 4), (9, 1, 6), (7, 8, 2)), ((3, 5, 4), (1, 9, 6), (7, 8, 2)), ((5, 3, 4), (1, 9, 6), (7, 8, 2)), ((5, 4, 3), (1, 9, 6), (7, 8, 2)), ((1, 4, 3), (5, 9, 6), (7, 8, 2)), ((1, 4, 3), (5, 6, 9), (7, 8, 2)), ((1, 4, 3), (5, 6, 2), (7, 8, 9)), ((1, 4, 3), (5, 2, 6), (7, 8, 9)), ((1, 2, 3), (5, 4, 6), (7, 8, 9)), ((1, 2, 3), (4, 5, 6), (7, 8, 9))]

Solution Path: [((9, 5, 4), (7, 6, 1), (3, 8, 2)), ((9, 5, 4), (3, 6, 1), (7, 8, 2)), ((3, 5, 4), (9, 6, 1), (7, 8, 2)), ((3, 5, 4), (9, 1, 6), (7, 8, 2)), ((3, 5, 4), (1, 9, 6), (7, 8, 2)), ((5, 3, 4), (1, 9, 6), (7, 8, 2)), ((5, 4, 3), (1, 9, 6), (7, 8, 2)), ((1, 4, 3), (5, 9, 6), (7, 8, 2)), ((1, 4, 3), (5, 6, 9), (7, 8, 2)), ((1, 4, 3), (5, 6, 2), (7, 8, 9)), ((1, 4, 3), (5, 2, 6), (7, 8, 9)), ((1, 2, 3), (5, 4, 6), (7, 8, 9)), ((1, 2, 3), (4, 5, 6), (7, 8, 9))]



